model,fs_method,k,accuracy,fmeasure,precision,recall,roc
lr,nofs,18,0.47837062535857716,0.41330290806694253,0.4054274838304199,0.47837062535857716,0.7029898195762696
nb,nofs,18,0.2747561675272519,0.3003363399946559,0.38492535070098477,0.2747561675272519,0.6284110171339136
knn,nofs,18,0.442512908777969,0.4303717817151946,0.4351034763168915,0.442512908777969,0.6349557033480636
rf,nofs,18,0.4952667814113597,0.4672468222623122,0.47563638154495314,0.4952667814113597,0.7133541322738284
dt,nofs,18,0.3731497418244406,0.3788025860690582,0.4020404059422651,0.3731497418244406,0.5587581490056535
lr,corr,1,0.4567412507171543,0.39632611988338395,0.4102929033983725,0.4567412507171543,0.6339533845941862
nb,corr,1,0.45929432013769367,0.4067006186106708,0.4260696306971058,0.45929432013769367,0.6353634609605996
knn,corr,1,0.3661503155479059,0.3594945524486182,0.3820534069460548,0.3661503155479059,0.5537411964062432
rf,corr,1,0.34449225473321865,0.3405189890408803,0.3402030758655475,0.34449225473321865,0.5363111360072326
dt,corr,1,0.3325588066551922,0.3286964101579132,0.3285324099408352,0.3325588066551922,0.5191973130890938
lr,tree,1,0.4567412507171543,0.39632611988338395,0.4102929033983725,0.4567412507171543,0.6339533845941862
nb,tree,1,0.45929432013769367,0.4067006186106708,0.4260696306971058,0.45929432013769367,0.6353634609605996
knn,tree,1,0.3661503155479059,0.3594945524486182,0.3820534069460548,0.3661503155479059,0.5537411964062432
rf,tree,1,0.3397303499713138,0.33631093553771396,0.33646343818572394,0.3397303499713138,0.5258901622290703
dt,tree,1,0.3325588066551922,0.3286964101579132,0.3285324099408352,0.3325588066551922,0.5191973130890938
lr,var,1,0.44988525530694207,0.3650688586261563,0.3354505612449641,0.44988525530694207,0.6135999269261525
nb,var,1,0.4570281124497992,0.3728559787716049,0.3423713116187167,0.4570281124497992,0.6115610019956612
knn,var,1,0.42811244979919677,0.33534932077471014,0.3203869818030616,0.42811244979919677,0.5562082860077756
rf,var,1,0.44988525530694207,0.3650688586261563,0.3354505612449641,0.44988525530694207,0.6089809318943821
dt,var,1,0.44988525530694207,0.3650688586261563,0.3354505612449641,0.44988525530694207,0.6089809318943821
lr,lrs,1,0.4567412507171543,0.39632611988338395,0.4102929033983725,0.4567412507171543,0.6339533845941862
nb,lrs,1,0.45929432013769367,0.4067006186106708,0.4260696306971058,0.45929432013769367,0.6353634609605996
knn,lrs,1,0.3661503155479059,0.3594945524486182,0.3820534069460548,0.3661503155479059,0.5537411964062432
rf,lrs,1,0.33732071141709696,0.3334526125295315,0.3329648257131124,0.33732071141709696,0.5294260060279066
dt,lrs,1,0.3325588066551922,0.3286964101579132,0.3285324099408352,0.3325588066551922,0.5191973130890938
lr,rfe,1,0.4567412507171543,0.39632611988338395,0.4102929033983725,0.4567412507171543,0.6339533845941862
nb,rfe,1,0.45929432013769367,0.4067006186106708,0.4260696306971058,0.45929432013769367,0.6353634609605996
knn,rfe,1,0.3661503155479059,0.3594945524486182,0.3820534069460548,0.3661503155479059,0.5537411964062432
rf,rfe,1,0.3421113023522663,0.3383099884712239,0.33816603882851043,0.3421113023522663,0.5275173169613
dt,rfe,1,0.3325588066551922,0.3286964101579132,0.3285324099408352,0.3325588066551922,0.5191973130890938
lr,bor,1,0.4567412507171543,0.39632611988338395,0.4102929033983725,0.4567412507171543,0.6339533845941862
nb,bor,1,0.45929432013769367,0.4067006186106708,0.4260696306971058,0.45929432013769367,0.6353634609605996
knn,bor,1,0.3661503155479059,0.3594945524486182,0.3820534069460548,0.3661503155479059,0.5537411964062432
rf,bor,1,0.34449225473321865,0.34074815548500254,0.3404567721950277,0.34449225473321865,0.5334319083455306
dt,bor,1,0.3325588066551922,0.3286964101579132,0.3285324099408352,0.3325588066551922,0.5191973130890938
lr,lass,1,0.44988525530694207,0.3650688586261563,0.3354505612449641,0.44988525530694207,0.6135999269261525
nb,lass,1,0.4570281124497992,0.3728559787716049,0.3423713116187167,0.4570281124497992,0.6115610019956612
knn,lass,1,0.42811244979919677,0.33534932077471014,0.3203869818030616,0.42811244979919677,0.5562082860077756
rf,lass,1,0.44988525530694207,0.3650688586261563,0.3354505612449641,0.44988525530694207,0.6089809318943821
dt,lass,1,0.44988525530694207,0.3650688586261563,0.3354505612449641,0.44988525530694207,0.6089809318943821
lr,muin,1,0.3708261617900172,0.21766205631977992,0.1630579885122828,0.3708261617900172,0.6167159713447483
nb,muin,1,0.38407917383820994,0.3266899871944119,0.28872430908170127,0.38407917383820994,0.6203989282807173
knn,muin,1,0.3681870338496845,0.24309426521652364,0.1913413522353979,0.3681870338496845,0.5679622891777149
rf,muin,1,0.44684452094090654,0.3496862915274402,0.294363488427939,0.44684452094090654,0.6179552536930141
dt,muin,1,0.44684452094090654,0.34992490697925266,0.29445113226558284,0.44684452094090654,0.6179552536930141
lr,chi,1,0.44988525530694207,0.3650688586261563,0.3354505612449641,0.44988525530694207,0.6135999269261525
nb,chi,1,0.4570281124497992,0.3728559787716049,0.3423713116187167,0.4570281124497992,0.6115610019956612
knn,chi,1,0.42811244979919677,0.33534932077471014,0.3203869818030616,0.42811244979919677,0.5562082860077756
rf,chi,1,0.44988525530694207,0.3650688586261563,0.3354505612449641,0.44988525530694207,0.6089809318943821
dt,chi,1,0.44988525530694207,0.3650688586261563,0.3354505612449641,0.44988525530694207,0.6089809318943821
lr,rfc,1,0.4567412507171543,0.39632611988338395,0.4102929033983725,0.4567412507171543,0.6339533845941862
nb,rfc,1,0.45929432013769367,0.4067006186106708,0.4260696306971058,0.45929432013769367,0.6353634609605996
knn,rfc,1,0.3661503155479059,0.3594945524486182,0.3820534069460548,0.3661503155479059,0.5537411964062432
rf,rfc,1,0.34449225473321865,0.34074815548500254,0.3404567721950277,0.34449225473321865,0.5318730820978697
dt,rfc,1,0.3325588066551922,0.3286964101579132,0.3285324099408352,0.3325588066551922,0.5191973130890938
lr,corr,2,0.4666666666666666,0.39085307379719814,0.4456311898985055,0.4666666666666666,0.6488209315560787
nb,corr,2,0.46431440045897876,0.40746393212054627,0.4764478489573154,0.46431440045897876,0.6506746266239153
knn,corr,2,0.3540734366035571,0.3484778864094025,0.3736526139817441,0.3540734366035571,0.5600622550776542
rf,corr,2,0.3135111876075731,0.3083600484111032,0.3111365376004734,0.3135111876075731,0.5339620523164038
dt,corr,2,0.32776821572002296,0.31568058356796247,0.3151422118501647,0.32776821572002296,0.5155293316595116
lr,tree,2,0.43278829604130803,0.3779128871338979,0.4039682217864651,0.43278829604130803,0.6457695720633776
nb,tree,2,0.45444635685599544,0.4204067440838298,0.4640171503868791,0.45444635685599544,0.6579800327756442
knn,tree,2,0.39495123350545036,0.387836231856549,0.41086541284467515,0.39495123350545036,0.5732212948355555
rf,tree,2,0.4211130235226621,0.40362156132127425,0.40449262195169566,0.4211130235226621,0.5982948695103317
dt,tree,2,0.4092656339644291,0.4050044056932974,0.41029089165183574,0.4092656339644291,0.5771100218588339
lr,var,2,0.42811244979919677,0.3278989788665369,0.29546626938053466,0.42811244979919677,0.6317598307664524
nb,var,2,0.3532989099254159,0.29116359421782056,0.2866596584274749,0.3532989099254159,0.630228492794741
knn,var,2,0.37286288009179575,0.29213796426424277,0.379099600516407,0.37286288009179575,0.5801795215195369
rf,var,2,0.4042742398164084,0.30636273926141444,0.31565708275346827,0.4042742398164084,0.6158427796924054
dt,var,2,0.4090361445783133,0.32302770319190327,0.3152655202929403,0.4090361445783133,0.6126736468465052
lr,lrs,2,0.4542168674698795,0.38264208637999236,0.4136953290683342,0.4542168674698795,0.6472561742116814
nb,lrs,2,0.3843660355708548,0.35198973854605203,0.35948657663117545,0.3843660355708548,0.6299278183932717
knn,lrs,2,0.38993115318416527,0.35888761785169254,0.37139078799608216,0.38993115318416527,0.5815959422303326
rf,lrs,2,0.3420252438324728,0.33302437614490515,0.34183701748361545,0.3420252438324728,0.5684379348066718
dt,lrs,2,0.3396729776247849,0.32945999426134764,0.3340557896593094,0.3396729776247849,0.5340402360908267
lr,rfe,2,0.43278829604130803,0.3779128871338979,0.4039682217864651,0.43278829604130803,0.6457695720633776
nb,rfe,2,0.45444635685599544,0.4204067440838298,0.4640171503868791,0.45444635685599544,0.6579800327756442
knn,rfe,2,0.39495123350545036,0.387836231856549,0.41086541284467515,0.39495123350545036,0.5732212948355555
rf,rfe,2,0.39954102122776824,0.3881950814147943,0.3903571281575614,0.39954102122776824,0.6020985157193769
dt,rfe,2,0.39013195639701664,0.39025703970422476,0.40007146035684754,0.39013195639701664,0.5670182251685627
lr,bor,2,0.4639701663798049,0.40540323335343126,0.3973053544099672,0.4639701663798049,0.6543313212150985
nb,bor,2,0.4569133677567413,0.41015922751021944,0.4162804055241699,0.4569133677567413,0.6439242236717848
knn,bor,2,0.3659495123350545,0.35513388889398556,0.37135703871390036,0.3659495123350545,0.5579091906543986
rf,bor,2,0.35633964429145154,0.3455385936403691,0.3449564208859894,0.35633964429145154,0.5614568251676659
dt,bor,2,0.2966437177280551,0.2914888994461153,0.2908178735742407,0.2966437177280551,0.49367960094640173
lr,lass,2,0.4666666666666666,0.39085307379719814,0.4456311898985055,0.4666666666666666,0.6488209315560787
nb,lass,2,0.46431440045897876,0.40746393212054627,0.4764478489573154,0.46431440045897876,0.6506746266239153
knn,lass,2,0.3540734366035571,0.3484778864094025,0.3736526139817441,0.3540734366035571,0.5600622550776542
rf,lass,2,0.3111015490533563,0.3053146617231326,0.3079021275401791,0.3111015490533563,0.5342370753720973
dt,lass,2,0.31348250143430867,0.3026828817650413,0.30320741625608255,0.31348250143430867,0.5079649949216862
lr,muin,2,0.41113023522662073,0.3228310019938858,0.273168367593128,0.41113023522662073,0.5989748550188594
nb,muin,2,0.3293172690763052,0.25577214754276023,0.3261095871830524,0.3293172690763052,0.6351973110319971
knn,muin,2,0.39219736087205964,0.29274840641852673,0.3522830927841521,0.39219736087205964,0.5713341105084473
rf,muin,2,0.4540160642570282,0.3546573666256671,0.298215523845884,0.4540160642570282,0.6398242428149713
dt,muin,2,0.4540160642570282,0.3550905851276277,0.2986313890624681,0.4540160642570282,0.639397217010587
lr,chi,2,0.45949512335054504,0.3745823906798636,0.33973252489989275,0.45949512335054504,0.635303627439543
nb,chi,2,0.11724039013195639,0.13107665548196518,0.218602765630596,0.11724039013195639,0.5642094939397831
knn,chi,2,0.4139701663798049,0.3156407653852811,0.45076676684250216,0.4139701663798049,0.590080958254324
rf,chi,2,0.45949512335054504,0.37535721525481636,0.34034641207088556,0.45949512335054504,0.6312395973593433
dt,chi,2,0.45943775100401607,0.3760866640036407,0.34215168480093255,0.45943775100401607,0.6317272667626753
lr,rfc,2,0.46411359724612733,0.4007814544403477,0.4132518828778631,0.46411359724612733,0.6671026155838073
nb,rfc,2,0.47613310384394725,0.4143892866963969,0.40911550663269247,0.47613310384394725,0.6709183638614149
knn,rfc,2,0.3971026965002869,0.3854677117518665,0.3978234370906039,0.3971026965002869,0.6163123241806114
rf,rfc,2,0.38511187607573155,0.37371110139365077,0.376847657281601,0.38511187607573155,0.5941685693056687
dt,rfc,2,0.3398737808376363,0.3439197101800859,0.3603769173286801,0.3398737808376363,0.5422491687689946
lr,corr,3,0.44977051061388407,0.38160208573361587,0.3988731711199575,0.44977051061388407,0.659277258308359
nb,corr,3,0.4379231210556512,0.3938347373156045,0.43436520611589574,0.4379231210556512,0.6540107081058978
knn,corr,3,0.37076878944348823,0.36148286877032465,0.3758733394155695,0.37076878944348823,0.5946848009800723
rf,corr,3,0.35619621342512914,0.344692764656046,0.343427445872668,0.35619621342512914,0.590151218778653
dt,corr,3,0.3469018932874354,0.33998771702478864,0.34191500392149604,0.3469018932874354,0.5318059353827612
lr,tree,3,0.45929432013769367,0.39650599078888626,0.38301691481510386,0.45929432013769367,0.6728763147001763
nb,tree,3,0.4761044176706827,0.4261060856533757,0.4550361573754135,0.4761044176706827,0.6777484064201527
knn,tree,3,0.40671256454388977,0.4007291068410238,0.4162417821665338,0.40671256454388977,0.612914857002502
rf,tree,3,0.4355134825014343,0.4221746850266637,0.42076686891093196,0.4355134825014343,0.6265249386003723
dt,tree,3,0.3948364888123924,0.3844378747926155,0.3899271941143894,0.3948364888123924,0.5683899742301328
lr,var,3,0.4233218588640275,0.32491814790536994,0.2879588907556192,0.4233218588640275,0.6354639929053854
nb,var,3,0.3532989099254159,0.29116359421782056,0.2866596584274749,0.3532989099254159,0.6439356792280406
knn,var,3,0.35120481927710845,0.3050582669660635,0.3489218956990453,0.35120481927710845,0.6145612900090067
rf,var,3,0.43998852553069423,0.36164654373666344,0.3684081413164656,0.43998852553069423,0.6411902884775698
dt,var,3,0.43995983935742966,0.35329376047035477,0.34621119720707233,0.43995983935742966,0.6413426072156173
lr,lrs,3,0.4664371772805508,0.4005079807573721,0.4142166062834162,0.4664371772805508,0.6751724314474838
nb,lrs,3,0.38198508318990243,0.3439571116708867,0.36898705574834223,0.38198508318990243,0.6541197115978614
knn,lrs,3,0.4088927137119908,0.37394085895174556,0.3950937142778803,0.4088927137119908,0.6181602267318896
rf,lrs,3,0.36861732644865175,0.34914416377702623,0.3643927813072037,0.36861732644865175,0.60699575425608
dt,lrs,3,0.35642570281124497,0.362233612045609,0.37483565305365724,0.35642570281124497,0.5496817513016061
lr,rfe,3,0.4640849110728629,0.4027255930284029,0.4089763311765555,0.4640849110728629,0.6687770952258244
nb,rfe,3,0.47624784853700514,0.4313256792950687,0.48666620329259375,0.47624784853700514,0.676162719129364
knn,rfe,3,0.4164945496270797,0.4099016891736696,0.41783214940537344,0.4164945496270797,0.6078100995148876
rf,rfe,3,0.4569994262765348,0.4271568627860834,0.42155717503365053,0.4569994262765348,0.6322688458264691
dt,rfe,3,0.3684738955823293,0.3678328511363641,0.3761618475113527,0.3684738955823293,0.5496144173140025
lr,bor,3,0.4615605278255881,0.4070353447618137,0.4155602399374578,0.4615605278255881,0.6698814391595501
nb,bor,3,0.49282845668387837,0.46051540655461176,0.5219241843217499,0.49282845668387837,0.6668053246668773
knn,bor,3,0.37091222030981064,0.3631313369047257,0.38625227920359306,0.37091222030981064,0.5489603297665856
rf,bor,3,0.41629374641422834,0.3904614478124694,0.38076625369257766,0.41629374641422834,0.5998691755264396
dt,bor,3,0.33732071141709696,0.3349428921559598,0.3401039260260683,0.33732071141709696,0.524993409268725
lr,lass,3,0.44977051061388407,0.38160208573361587,0.3988731711199575,0.44977051061388407,0.659277258308359
nb,lass,3,0.4379231210556512,0.3938347373156045,0.43436520611589574,0.4379231210556512,0.6540107081058978
knn,lass,3,0.37076878944348823,0.36148286877032465,0.3758733394155695,0.37076878944348823,0.5946848009800723
rf,lass,3,0.3778255880665519,0.3645260095655495,0.3612261939741378,0.3778255880665519,0.591239217283613
dt,lass,3,0.3206827309236948,0.31568019524729496,0.31912133575312096,0.3206827309236948,0.5161953120281261
lr,muin,3,0.4135111876075731,0.3251693223741228,0.2759188603077009,0.4135111876075731,0.6079592776355536
nb,muin,3,0.35791738382099825,0.31537466971137257,0.29289696063171944,0.35791738382099825,0.6100755484743747
knn,muin,3,0.3920252438324728,0.35815862251860786,0.3566769067426295,0.3920252438324728,0.6054049476571416
rf,muin,3,0.3966724039013195,0.359168321928196,0.36134114247338744,0.3966724039013195,0.5896109877942738
dt,muin,3,0.3919104991394148,0.35551454067817523,0.35800352739461366,0.3919104991394148,0.5634412570730494
lr,chi,3,0.4305507745266781,0.3490547982884956,0.3127953396323323,0.4305507745266781,0.6424231254797482
nb,chi,3,0.36790017211703957,0.3096063191571009,0.347283375057495,0.36790017211703957,0.6247223576733933
knn,chi,3,0.3636546184738956,0.3088774664108834,0.4377265190416293,0.3636546184738956,0.6176200360366252
rf,chi,3,0.4041308089500861,0.3292574360683515,0.3196507733027693,0.4041308089500861,0.6305327962752838
dt,chi,3,0.4040734366035571,0.3371951973451757,0.3814237431524505,0.4040734366035571,0.6276198933400152
lr,rfc,3,0.45929432013769367,0.39650599078888626,0.38301691481510386,0.45929432013769367,0.6728763147001763
nb,rfc,3,0.4761044176706827,0.4261060856533757,0.4550361573754135,0.4761044176706827,0.6777484064201527
knn,rfc,3,0.40671256454388977,0.4007291068410238,0.4162417821665338,0.40671256454388977,0.612914857002502
rf,rfc,3,0.4474756167527252,0.43325197220614065,0.4290057420558008,0.4474756167527252,0.6265110558304485
dt,rfc,3,0.40197934595524953,0.3942137347064146,0.4019311831560424,0.40197934595524953,0.5758320016164655
lr,corr,4,0.44718875502008026,0.3619798353772287,0.38238746137021823,0.44718875502008026,0.6772943334534897
nb,corr,4,0.36047045324153754,0.3308820466179242,0.33613575538921203,0.36047045324153754,0.6553614563293236
knn,corr,4,0.46173264486517496,0.4280420438171821,0.4645787959392355,0.46173264486517496,0.6577832004897872
rf,corr,4,0.42085484796328176,0.39257773960503944,0.3920673250476373,0.42085484796328176,0.6272243528453835
dt,corr,4,0.3778255880665519,0.3702580867427373,0.38450243526621525,0.3778255880665519,0.5573759914858445
lr,tree,4,0.4855995410212278,0.4209788266127926,0.4092700785631127,0.4855995410212278,0.6799524015111453
nb,tree,4,0.4713138267355134,0.42693009400014625,0.4438851183764749,0.4713138267355134,0.6765903790311845
knn,tree,4,0.3875788869764773,0.38414356469589717,0.40444773593867367,0.3875788869764773,0.5807780233131737
rf,tree,4,0.42355134825014346,0.3997862340051561,0.39744997439104235,0.42355134825014346,0.6095750936419078
dt,tree,4,0.404302925989673,0.40241285806452076,0.42193483935742543,0.404302925989673,0.5805719205915418
lr,var,4,0.42094090648307514,0.3214287986562053,0.28713949242994574,0.42094090648307514,0.6425090387846402
nb,var,4,0.3508892713711991,0.2895181721188991,0.27928142889019164,0.3508892713711991,0.6482977978209348
knn,var,4,0.3655479059093517,0.3419766242252932,0.34027124923680985,0.3655479059093517,0.5919176100910541
rf,var,4,0.41133103843947216,0.3491876586268451,0.324464552403396,0.41133103843947216,0.6312939809663429
dt,var,4,0.4233218588640275,0.3426019354088837,0.3485844443759441,0.4233218588640275,0.6322010151763316
lr,lrs,4,0.46158921399885255,0.3948343576833705,0.3904017872830901,0.46158921399885255,0.6848221530540222
nb,lrs,4,0.382013769363167,0.3547411280143566,0.42094260034910275,0.382013769363167,0.662743854217589
knn,lrs,4,0.3996270797475616,0.3801956856897332,0.40840409574169945,0.3996270797475616,0.5947892647138553
rf,lrs,4,0.42352266207687894,0.40376104615102015,0.40511920317732175,0.42352266207687894,0.6338897557209526
dt,lrs,4,0.38290304073436604,0.380530721960222,0.4017556896664626,0.38290304073436604,0.5702524819352875
lr,rfe,4,0.46399885255306944,0.40794396537732797,0.4163253718994939,0.46399885255306944,0.6799576545328672
nb,rfe,4,0.46896156052782556,0.42628463665836847,0.4822866489222098,0.46896156052782556,0.6767041713706852
knn,rfe,4,0.3902467010900746,0.3796235038002953,0.39183741932288624,0.3902467010900746,0.5794138865844205
rf,rfe,4,0.4522375215146299,0.42735585879209026,0.435005490094943,0.4522375215146299,0.6296972498854647
dt,rfe,4,0.35163511187607577,0.35092232857398087,0.35931106005329727,0.35163511187607577,0.5355843718124406
lr,bor,4,0.4855995410212278,0.4209788266127926,0.4092700785631127,0.4855995410212278,0.6799524015111453
nb,bor,4,0.4713138267355134,0.42693009400014625,0.4438851183764749,0.4713138267355134,0.6765903790311845
knn,bor,4,0.3875788869764773,0.38414356469589717,0.40444773593867367,0.3875788869764773,0.5807780233131737
rf,bor,4,0.4211703958691911,0.40216747911465234,0.4083969511297162,0.4211703958691911,0.6106057247111405
dt,bor,4,0.3804360298336202,0.37442125496809364,0.3907525847049298,0.3804360298336202,0.5650033647212919
lr,lass,4,0.44718875502008026,0.3619798353772287,0.38238746137021823,0.44718875502008026,0.6772943334534897
nb,lass,4,0.36047045324153754,0.3308820466179242,0.33613575538921203,0.36047045324153754,0.6553614563293236
knn,lass,4,0.46173264486517496,0.4280420438171821,0.4645787959392355,0.46173264486517496,0.6577832004897872
rf,lass,4,0.4234079173838211,0.3995611894192179,0.40947866936016614,0.4234079173838211,0.624531623805435
dt,lass,4,0.38502581755593807,0.38125282396141513,0.3994056487666419,0.38502581755593807,0.5679492387748937
lr,muin,4,0.4471026965002869,0.34965184288564954,0.32578014231857544,0.4471026965002869,0.6607112780022236
nb,muin,4,0.3317269076305221,0.3271291409102601,0.34468815315079016,0.3317269076305221,0.6296703291564042
knn,muin,4,0.40418818129661493,0.3934822107644273,0.39439170748047625,0.40418818129661493,0.6063056641096151
rf,muin,4,0.3705966724039013,0.367300347149381,0.37220939643313994,0.3705966724039013,0.6165093208863774
dt,muin,4,0.34437751004016065,0.34734548253990194,0.35988991179783214,0.34437751004016065,0.5314699369101578
lr,chi,4,0.4543316121629374,0.3562264240055167,0.31627144480095953,0.4543316121629374,0.6643135111406948
nb,chi,4,0.40605278255880667,0.3681823985761397,0.3846769357356779,0.40605278255880667,0.6563156223341353
knn,chi,4,0.36333907056798626,0.331625896172424,0.3714056575800862,0.36333907056798626,0.6337852840416109
rf,chi,4,0.39205393000573724,0.34555574064871974,0.3920242047846321,0.39205393000573724,0.6519151701795771
dt,chi,4,0.38009179575444635,0.3348525729276851,0.3701512799786621,0.38009179575444635,0.6515446985027726
lr,rfc,4,0.4855995410212278,0.4209788266127926,0.4092700785631127,0.4855995410212278,0.6799524015111453
nb,rfc,4,0.4713138267355134,0.42693009400014625,0.4438851183764749,0.4713138267355134,0.6765903790311845
knn,rfc,4,0.3875788869764773,0.38414356469589717,0.40444773593867367,0.3875788869764773,0.5807780233131737
rf,rfc,4,0.42352266207687894,0.40123498668857216,0.40276038135675274,0.42352266207687894,0.609906480367348
dt,rfc,4,0.37558806655192195,0.3656294113681021,0.38248324850697146,0.37558806655192195,0.558512876233652
lr,corr,5,0.451950659781985,0.3664949593444896,0.3898981966107031,0.451950659781985,0.6754864411810264
nb,corr,5,0.3533275960986804,0.334023683281765,0.3557604369632539,0.3533275960986804,0.6421913516038417
knn,corr,5,0.45929432013769367,0.4317964726223857,0.45931806735027936,0.45929432013769367,0.6517706881911453
rf,corr,5,0.4352839931153184,0.41287405847680664,0.415340924166129,0.4352839931153184,0.6597542504001879
dt,corr,5,0.3585771658060815,0.3469330203556496,0.3532969624341036,0.3585771658060815,0.5423111322776913
lr,tree,5,0.4903614457831325,0.42708207529487136,0.40803644680624584,0.4903614457831325,0.6888424072585898
nb,tree,5,0.4736947791164658,0.42690316102662973,0.43795617750671967,0.4736947791164658,0.6842173298014774
knn,tree,5,0.3974469305794607,0.38748572320309466,0.40044734818533856,0.3974469305794607,0.5958521405278384
rf,tree,5,0.45946643717728053,0.432615839878537,0.42937882152261436,0.45946643717728053,0.6386668722703667
dt,tree,5,0.373407917383821,0.36334419353485364,0.3662715473233976,0.373407917383821,0.5489663478686081
lr,var,5,0.42808376362593226,0.33357648581923127,0.29357321954734555,0.42808376362593226,0.6545448747713076
nb,var,5,0.3770797475616753,0.31735377397589043,0.3094941171339233,0.3770797475616753,0.671358564391445
knn,var,5,0.37257601835915083,0.34910798773569873,0.35070950876916357,0.37257601835915083,0.6334840666437958
rf,var,5,0.40880665519219733,0.3603971219066026,0.3448973326238599,0.40880665519219733,0.6374785256265498
dt,var,5,0.39446356855995407,0.36239406968473026,0.3532930738268065,0.39446356855995407,0.638638710399368
lr,lrs,5,0.46144578313253015,0.4019350573040888,0.4165822258076794,0.46144578313253015,0.6918059321059159
nb,lrs,5,0.3938898450946643,0.3675653227803396,0.4307541930103301,0.3938898450946643,0.6763533282259124
knn,lrs,5,0.42096959265633965,0.40284248515078547,0.42697017414900973,0.42096959265633965,0.6223928104910753
rf,lrs,5,0.4305507745266781,0.40716335909698964,0.4383697201714227,0.4305507745266781,0.6481625077222729
dt,lrs,5,0.35169248422260474,0.335819024388876,0.34651622182618336,0.35169248422260474,0.5407335818721271
lr,rfe,5,0.4903614457831325,0.42708207529487136,0.40803644680624584,0.4903614457831325,0.6888424072585898
nb,rfe,5,0.4736947791164658,0.42690316102662973,0.43795617750671967,0.4736947791164658,0.6842173298014774
knn,rfe,5,0.3974469305794607,0.38748572320309466,0.40044734818533856,0.3974469305794607,0.5958521405278384
rf,rfe,5,0.478600114744693,0.44039394487854083,0.4402254219168116,0.478600114744693,0.6420153213377326
dt,rfe,5,0.34469305794606997,0.3393475133499745,0.34360396040162156,0.34469305794606997,0.5311379809650384
lr,bor,5,0.4903614457831325,0.42708207529487136,0.40803644680624584,0.4903614457831325,0.6888424072585898
nb,bor,5,0.4736947791164658,0.42690316102662973,0.43795617750671967,0.4736947791164658,0.6842173298014774
knn,bor,5,0.3974469305794607,0.38748572320309466,0.40044734818533856,0.3974469305794607,0.5958521405278384
rf,bor,5,0.4569994262765348,0.4289316620106212,0.4389589604259719,0.4569994262765348,0.6341338389388608
dt,bor,5,0.34945496270797477,0.34336495851565296,0.34839249246918846,0.34945496270797477,0.5354507603389084
lr,lass,5,0.4520080321285141,0.36876399053313685,0.389019736527482,0.4520080321285141,0.6912526531237358
nb,lass,5,0.3557085484796328,0.33643460079868703,0.36279176712863903,0.3557085484796328,0.6681110886328802
knn,lass,5,0.45458978772231784,0.4332997714760454,0.4643551793038448,0.45458978772231784,0.6427411453908833
rf,lass,5,0.43775100401606426,0.4155842994597835,0.42413536558973713,0.43775100401606426,0.6579242907403916
dt,lass,5,0.3227481353987378,0.33037066171971635,0.3531500367335158,0.3227481353987378,0.5271799405321517
lr,muin,5,0.470998278829604,0.3990479942879667,0.40223469048604177,0.470998278829604,0.6932801140235321
nb,muin,5,0.3555364314400459,0.3484012518031409,0.3747480404040783,0.3555364314400459,0.6679427606379666
knn,muin,5,0.4111015490533562,0.38191053892419213,0.38292621052020165,0.4111015490533562,0.6228650589895772
rf,muin,5,0.42808376362593237,0.40978499109875655,0.433781296169255,0.42808376362593237,0.6419737044067069
dt,muin,5,0.37802639127940335,0.3757054304897252,0.4007679045475399,0.37802639127940335,0.5613352985270434
lr,chi,5,0.4543316121629374,0.3567051884842812,0.3169736495729317,0.4543316121629374,0.6667062986557996
nb,chi,5,0.39888123924268504,0.3569116589599754,0.3969133190031682,0.39888123924268504,0.6587433110216896
knn,chi,5,0.34896729776247853,0.3255518377486867,0.3719258950749281,0.34896729776247853,0.6238389755546245
rf,chi,5,0.3991967871485944,0.35198821669263797,0.3892733180385034,0.3991967871485944,0.6502123736307228
dt,chi,5,0.3895869191049914,0.35218719494345363,0.39123904735040305,0.3895869191049914,0.6457419800362151
lr,rfc,5,0.4903614457831325,0.42708207529487136,0.40803644680624584,0.4903614457831325,0.6888424072585898
nb,rfc,5,0.4736947791164658,0.42690316102662973,0.43795617750671967,0.4736947791164658,0.6842173298014774
knn,rfc,5,0.3974469305794607,0.38748572320309466,0.40044734818533856,0.3974469305794607,0.5958521405278384
rf,rfc,5,0.46901893287435464,0.4337025308259488,0.43927346561975644,0.46901893287435464,0.6343019220162962
dt,rfc,5,0.34936890418818123,0.33883918033221816,0.3399969555046035,0.34936890418818123,0.5317952204647953
lr,corr,6,0.45679862306368324,0.37315636352462933,0.392703169678467,0.45679862306368324,0.6795570119798948
nb,corr,6,0.3534710269650029,0.3684072617720604,0.4270255319739622,0.3534710269650029,0.6412001651616993
knn,corr,6,0.46170395869191044,0.4446780146111128,0.4696614937581104,0.46170395869191044,0.6595081200620324
rf,corr,6,0.46890418818129664,0.4403986880088072,0.43119240265569136,0.46890418818129664,0.660933712591658
dt,corr,6,0.35625358577165805,0.3458036162390793,0.3484421067700959,0.35625358577165805,0.539701550884644
lr,tree,6,0.48559954102122777,0.42269120512566544,0.4027149102877144,0.48559954102122777,0.685369653573049
nb,tree,6,0.46896156052782556,0.43145311379490303,0.4852815220482872,0.46896156052782556,0.6735263747242349
knn,tree,6,0.41402753872633397,0.401519802259837,0.4100363448350146,0.41402753872633397,0.6067375762711169
rf,tree,6,0.4714285714285714,0.43506602130225414,0.4293641217089347,0.4714285714285714,0.6503060975745425
dt,tree,6,0.36838783706253586,0.3674930843669646,0.37314624645038735,0.36838783706253586,0.5491795244114194
lr,var,6,0.44718875502008026,0.35169317014639934,0.30913276738783946,0.44718875502008026,0.6705576385831572
nb,var,6,0.3965002868617326,0.3562262061585516,0.39977334095739453,0.3965002868617326,0.6561418244506193
knn,var,6,0.38476764199655766,0.34898624046488963,0.3580886717502636,0.38476764199655766,0.6168309581801148
rf,var,6,0.3990533562822719,0.35288615759383485,0.34149356265224184,0.3990533562822719,0.634696442319424
dt,var,6,0.3514343086632243,0.32934253415883497,0.3754076368887168,0.3514343086632243,0.6237840246256454
lr,lrs,6,0.4519219736087206,0.3946999939213672,0.4169654457443358,0.4519219736087206,0.6972371998213067
nb,lrs,6,0.3843086632243259,0.3623780374010976,0.41514333217956984,0.3843086632243259,0.6699144080826113
knn,lrs,6,0.4138267355134825,0.3967076587418323,0.41744294105141516,0.4138267355134825,0.6113230673430861
rf,lrs,6,0.43769363166953534,0.4092030252109266,0.41760034942314317,0.43769363166953534,0.6500438485122226
dt,lrs,6,0.3731784279977051,0.358818230740424,0.36884095694844127,0.3731784279977051,0.5553735601800858
lr,rfe,6,0.4879518072289157,0.4290980267618959,0.40664081607160557,0.4879518072289157,0.6921942277202829
nb,rfe,6,0.3629661503155479,0.3537566899394648,0.4687870004118701,0.3629661503155479,0.6419473808021123
knn,rfe,6,0.4186746987951807,0.41050859443252463,0.4274284786704506,0.4186746987951807,0.6086525344569484
rf,rfe,6,0.480837636259323,0.4454960915662919,0.44530499614536306,0.480837636259323,0.6583577875334319
dt,rfe,6,0.38531267928858287,0.3767254899734978,0.3834131143735739,0.38531267928858287,0.5594432639882891
lr,bor,6,0.48559954102122777,0.42269120512566544,0.4027149102877144,0.48559954102122777,0.685369653573049
nb,bor,6,0.46896156052782556,0.43145311379490303,0.4852815220482872,0.46896156052782556,0.6735263747242349
knn,bor,6,0.41402753872633397,0.401519802259837,0.4100363448350146,0.41402753872633397,0.6067375762711169
rf,bor,6,0.45218014916810106,0.42187033945730734,0.41572853213161876,0.45218014916810106,0.6425520388825685
dt,bor,6,0.3827882960413081,0.3850410004037259,0.3941638097000449,0.3827882960413081,0.5622447477893227
lr,lass,6,0.4520367183017785,0.37481862764338364,0.40278132653631527,0.4520367183017785,0.6943944348926101
nb,lass,6,0.3629087779690189,0.34114187293972953,0.3718004366438621,0.3629087779690189,0.6616114635628174
knn,lass,6,0.48327596098680436,0.45826105339316064,0.4829825425610405,0.48327596098680436,0.6614452144087634
rf,lass,6,0.47383820998278836,0.4450902130873414,0.44842689959948456,0.47383820998278836,0.6673272470053631
dt,lass,6,0.33726333907056805,0.34002795730403657,0.37250976550675347,0.33726333907056805,0.5325853235013349
lr,muin,6,0.46394148020654047,0.39234316976893846,0.41460145974318713,0.46394148020654047,0.6881851391248741
nb,muin,6,0.3629661503155479,0.353065819662158,0.4211360738384289,0.3629661503155479,0.6483632388539593
knn,muin,6,0.4113597246127366,0.39629789684995187,0.42541324915149537,0.4113597246127366,0.6076116823210368
rf,muin,6,0.4782558806655192,0.45178879021329266,0.4667818348830082,0.4782558806655192,0.670601003392074
dt,muin,6,0.36121629374641423,0.34847787079532333,0.38234690115786296,0.36121629374641423,0.5480389914648753
lr,chi,6,0.44718875502008026,0.35169317014639934,0.30913276738783946,0.44718875502008026,0.6705576385831572
nb,chi,6,0.3965002868617326,0.3562262061585516,0.39977334095739453,0.3965002868617326,0.6561418244506193
knn,chi,6,0.38241537578886975,0.3505546092022634,0.36035859212534077,0.38241537578886975,0.6191868533732853
rf,chi,6,0.37289156626506026,0.3351806365880715,0.3366721376466371,0.37289156626506026,0.631823771893141
dt,chi,6,0.3514343086632243,0.32934253415883497,0.3754076368887168,0.3514343086632243,0.6199655160901558
lr,rfc,6,0.48559954102122777,0.42269120512566544,0.4027149102877144,0.48559954102122777,0.685369653573049
nb,rfc,6,0.46896156052782556,0.43145311379490303,0.4852815220482872,0.46896156052782556,0.6735263747242349
knn,rfc,6,0.41402753872633397,0.401519802259837,0.4100363448350146,0.41402753872633397,0.6067375762711169
rf,rfc,6,0.47134251290877793,0.4367851002128025,0.4329677526869958,0.47134251290877793,0.6509216591608001
dt,rfc,6,0.3851118760757315,0.38382933900795696,0.3927820709813118,0.3851118760757315,0.5599401760483698
lr,corr,7,0.46399885255306933,0.384601439025266,0.4457876650877225,0.46399885255306933,0.691102732790933
nb,corr,7,0.35840504876649454,0.3695505784188823,0.4266762170746419,0.35840504876649454,0.6534714508378767
knn,corr,7,0.471285140562249,0.45443780868067635,0.4761944688881809,0.471285140562249,0.6552382686626752
rf,corr,7,0.47117039586919107,0.4506109495542863,0.4643229735209773,0.47117039586919107,0.6832423202432805
dt,corr,7,0.36124497991967874,0.36438018440097575,0.3785088389327186,0.36124497991967874,0.5509502287958722
lr,tree,7,0.4855708548479633,0.4224482170311056,0.40502748079753675,0.4855708548479633,0.6902917952405346
nb,tree,7,0.3463568559954102,0.3445037776485924,0.4687590287619126,0.3463568559954102,0.644017010200997
knn,tree,7,0.4211417096959266,0.4065978439890435,0.42102613689117974,0.4211417096959266,0.6098084024659671
rf,tree,7,0.480722891566265,0.44893412658877985,0.4540555331383991,0.480722891566265,0.6677672630307718
dt,tree,7,0.36612162937464143,0.35724964752739796,0.36253309056247474,0.36612162937464143,0.5402602599139007
lr,var,7,0.4519219736087206,0.35637811932619035,0.31355013350987815,0.4519219736087206,0.6601540928809018
nb,var,7,0.2819850831899025,0.27937164573351636,0.37569083712666224,0.2819850831899025,0.6250475323599739
knn,var,7,0.37765347102696495,0.3497073307157929,0.36379059963552135,0.37765347102696495,0.6146350496020416
rf,var,7,0.389558232931727,0.3605361166332428,0.3957523630704703,0.389558232931727,0.6251152445114574
dt,var,7,0.3632816982214573,0.34155527854912865,0.36950487461166165,0.3632816982214573,0.6092454164043174
lr,lrs,7,0.46626506024096387,0.40503871700864663,0.4167229949036055,0.46626506024096387,0.708534252425317
nb,lrs,7,0.3915088927137119,0.3703825056703538,0.4190891498935449,0.3915088927137119,0.6668260692887932
knn,lrs,7,0.4115605278255881,0.39214022024755,0.39792813720907827,0.4115605278255881,0.6348868237957788
rf,lrs,7,0.46893287435456105,0.43936927043515694,0.45315547397884437,0.46893287435456105,0.6670295202684076
dt,lrs,7,0.35892139988525534,0.35563265151358536,0.36967308301257906,0.35892139988525534,0.5472651853481777
lr,rfe,7,0.48321858864027545,0.41958132898787603,0.4034800211876789,0.48321858864027545,0.6846598133834583
nb,rfe,7,0.35826161790017214,0.3566633320077742,0.4842409682043195,0.35826161790017214,0.6441898458188374
knn,rfe,7,0.40688468158347674,0.39657728436853457,0.4155154381565759,0.40688468158347674,0.5942374058384973
rf,rfe,7,0.4546471600688468,0.42090256590108555,0.42418086365517266,0.4546471600688468,0.6489793575386427
dt,rfe,7,0.3565978198508319,0.35434573291832283,0.3619478074272538,0.3565978198508319,0.5408249440962736
lr,bor,7,0.4855708548479633,0.4224482170311056,0.40502748079753675,0.4855708548479633,0.6902917952405346
nb,bor,7,0.3463568559954102,0.3445037776485924,0.4687590287619126,0.3463568559954102,0.644017010200997
knn,bor,7,0.4211417096959266,0.4065978439890435,0.42102613689117974,0.4211417096959266,0.6098084024659671
rf,bor,7,0.47848537005163505,0.4453023335414213,0.4448771762727586,0.47848537005163505,0.6748272131121142
dt,bor,7,0.35415949512335054,0.34581744295965233,0.34449318728587164,0.35415949512335054,0.5331834354355388
lr,lass,7,0.45679862306368324,0.3811933660258726,0.4265093386956771,0.45679862306368324,0.6945218856591264
nb,lass,7,0.3628800917957544,0.35259044717934074,0.37259173758938186,0.3628800917957544,0.6500964437885309
knn,lass,7,0.4810097532989099,0.45736230750556073,0.48183084021193334,0.4810097532989099,0.6544273997193892
rf,lass,7,0.47386689615605276,0.4485258847511601,0.44987975049865414,0.47386689615605276,0.6744044522286128
dt,lass,7,0.3540447504302926,0.35398054031958937,0.3757624235817304,0.3540447504302926,0.5433714148944471
lr,muin,7,0.4541594951233505,0.39761899739902584,0.40495270841511244,0.4541594951233505,0.6773601704839354
nb,muin,7,0.34644291451520365,0.34278808140382455,0.4434854079424702,0.34644291451520365,0.6301814069515952
knn,muin,7,0.37309236947791163,0.36511424984512736,0.4204672984095331,0.37309236947791163,0.6087681849325911
rf,muin,7,0.4446069994262766,0.42074370739028116,0.4251430802483004,0.4446069994262766,0.6581065939711767
dt,muin,7,0.3561388410786001,0.35621575515895565,0.367115810367391,0.3561388410786001,0.5447516152846197
lr,chi,7,0.46881812966150316,0.40578948023138056,0.4281489391039622,0.46881812966150316,0.6770743262444932
nb,chi,7,0.38935742971887544,0.35984753035419265,0.390080396872832,0.38935742971887544,0.6575941240134873
knn,chi,7,0.38964429145152035,0.39377538606619794,0.45100389457356993,0.38964429145152035,0.6403639791076433
rf,chi,7,0.3970166379804934,0.39111669085352513,0.4028647710744827,0.3970166379804934,0.6293591356686546
dt,chi,7,0.37053930005737234,0.3654394944034259,0.38035596330340044,0.37053930005737234,0.5615601445328475
lr,rfc,7,0.4855708548479633,0.4224482170311056,0.40502748079753675,0.4855708548479633,0.6902917952405346
nb,rfc,7,0.3463568559954102,0.3445037776485924,0.4687590287619126,0.3463568559954102,0.644017010200997
knn,rfc,7,0.4211417096959266,0.4065978439890435,0.42102613689117974,0.4211417096959266,0.6098084024659671
rf,rfc,7,0.47125645438898456,0.4317293590552248,0.4283182850304053,0.47125645438898456,0.6690045246644829
dt,rfc,7,0.3803786574870912,0.3717392822215325,0.37098267688298514,0.3803786574870912,0.5501759309258729
lr,corr,8,0.46399885255306944,0.3868098415873984,0.44460966574019806,0.46399885255306944,0.695083297559802
nb,corr,8,0.3535570854847963,0.3676436171796501,0.4228485010754407,0.3535570854847963,0.647675819424299
knn,corr,8,0.47383820998278836,0.45730768795072513,0.4607793856876034,0.47383820998278836,0.6586256054236792
rf,corr,8,0.4522948938611589,0.429785964461293,0.43274458720997827,0.4522948938611589,0.6756925249131854
dt,corr,8,0.34925415949512334,0.3466058869827973,0.364510250673009,0.34925415949512334,0.5371968901568559
lr,tree,8,0.49039013195639714,0.4263571616949503,0.407670492301731,0.49039013195639714,0.6901653061943198
nb,tree,8,0.32696500286861735,0.3293195594523778,0.37000328462591303,0.32696500286861735,0.6465496830011672
knn,tree,8,0.4210556511761331,0.4084042402628446,0.425536587854627,0.4210556511761331,0.5979736214742923
rf,tree,8,0.4761044176706827,0.4448250472744357,0.483156559960895,0.4761044176706827,0.6613844350723935
dt,tree,8,0.3493115318416523,0.34747237580428614,0.3592065835231571,0.3493115318416523,0.5411171105968456
lr,var,8,0.452122776821572,0.38739775032924534,0.4042882050191315,0.452122776821572,0.6691969218533638
nb,var,8,0.3274239816408491,0.3077146169095232,0.3390403317215175,0.3274239816408491,0.6221266584753391
knn,var,8,0.3920539300057372,0.3886985445978648,0.4314257854222059,0.3920539300057372,0.6311712908058661
rf,var,8,0.3851118760757315,0.3838425884455653,0.4001422573024442,0.3851118760757315,0.6311728295553733
dt,var,8,0.3514343086632243,0.3477059196243954,0.36369458918813347,0.3514343086632243,0.5509718667304411
lr,lrs,8,0.4686173264486517,0.40701674002631216,0.41202577987062405,0.4686173264486517,0.7147143115908965
nb,lrs,8,0.37951807228915657,0.3644765976787658,0.4031876537886145,0.37951807228915657,0.6672594347847163
knn,lrs,8,0.42578886976477337,0.40560288531187255,0.4130055626303677,0.42578886976477337,0.6449947288283735
rf,lrs,8,0.48086632243258753,0.4620646797030862,0.4916480785175998,0.48086632243258753,0.6824643482585581
dt,lrs,8,0.3804647160068847,0.37129985550456435,0.3789424108751963,0.3804647160068847,0.5575842178266672
lr,rfe,8,0.49039013195639714,0.4263571616949503,0.407670492301731,0.49039013195639714,0.6901653061943198
nb,rfe,8,0.32696500286861735,0.3293195594523778,0.37000328462591303,0.32696500286861735,0.6465496830011672
knn,rfe,8,0.4210556511761331,0.4084042402628446,0.425536587854627,0.4210556511761331,0.5979736214742923
rf,rfe,8,0.47619047619047616,0.44713671791861415,0.4579830069782945,0.47619047619047616,0.6601437119590994
dt,rfe,8,0.38281698221457255,0.38235463657469865,0.39369000799548803,0.38281698221457255,0.5669676345434581
lr,bor,8,0.48318990246701093,0.42359441413645094,0.40250151099139914,0.48318990246701093,0.691746678415837
nb,bor,8,0.32707974756167524,0.3309673373095029,0.38036745206998857,0.32707974756167524,0.6326186141110285
knn,bor,8,0.4138841078600115,0.404903147765504,0.42117594096648725,0.4138841078600115,0.6109586977815258
rf,bor,8,0.4855421686746988,0.4482224170144294,0.46217663656961483,0.4855421686746988,0.6718909415541667
dt,bor,8,0.3827309236947791,0.37663661115757374,0.38376108919814333,0.3827309236947791,0.5549850852873455
lr,lass,8,0.45206540447504306,0.37564491778286246,0.42622461321001515,0.45206540447504306,0.7000336395056492
nb,lass,8,0.33184165232358,0.3269046242275174,0.354544981745286,0.33184165232358,0.6513811420093278
knn,lass,8,0.47624784853700514,0.45488113487383836,0.47452682899417165,0.47624784853700514,0.6584798066990366
rf,lass,8,0.5048192771084338,0.47943094732708796,0.48413800196632584,0.5048192771084338,0.7024399199967657
dt,lass,8,0.36113023522662074,0.3584152162868899,0.39117402039586163,0.36113023522662074,0.5545126661758659
lr,muin,8,0.4663511187607573,0.4047425052497166,0.41039572317788736,0.4663511187607573,0.6936303175360766
nb,muin,8,0.35837636259323,0.3615355106207403,0.42090452768352266,0.35837636259323,0.6385656608615152
knn,muin,8,0.4497991967871486,0.43655147681515266,0.4496703831604624,0.4497991967871486,0.6589709967795239
rf,muin,8,0.47834193918531265,0.46061584369864184,0.47600205511180943,0.47834193918531265,0.6994865909389121
dt,muin,8,0.35883534136546186,0.3578050531793968,0.368836447142589,0.35883534136546186,0.545275112742407
lr,chi,8,0.4664371772805508,0.4036464154033121,0.42615327279125326,0.4664371772805508,0.6747373669676621
nb,chi,8,0.35831899024670105,0.3508513037217834,0.40328239817927003,0.35831899024670105,0.6489095670423982
knn,chi,8,0.39423407917383824,0.39112742124939115,0.46005663563946575,0.39423407917383824,0.6411084741876893
rf,chi,8,0.40651176133103845,0.3946358879581827,0.40306103891630307,0.40651176133103845,0.6387760156271771
dt,chi,8,0.38244406196213426,0.38218124708310425,0.40170297852544073,0.38244406196213426,0.5671317570913446
lr,rfc,8,0.48318990246701093,0.42359441413645094,0.40250151099139914,0.48318990246701093,0.691746678415837
nb,rfc,8,0.32707974756167524,0.3309673373095029,0.38036745206998857,0.32707974756167524,0.6326186141110285
knn,rfc,8,0.4138841078600115,0.404903147765504,0.42117594096648725,0.4138841078600115,0.6109586977815258
rf,rfc,8,0.46632243258749284,0.431279138018998,0.431076781299047,0.46632243258749284,0.6632725872878604
dt,rfc,8,0.3899598393574297,0.38408729968488886,0.388838726109921,0.3899598393574297,0.561497866249866
lr,corr,9,0.47114170969592656,0.3879284508849069,0.4016251121852557,0.47114170969592656,0.6989414380975147
nb,corr,9,0.37254733218588637,0.3821759634125787,0.44042913384686466,0.37254733218588637,0.6552343643376217
knn,corr,9,0.469047619047619,0.4519346826221537,0.45345567220957805,0.469047619047619,0.653333823595341
rf,corr,9,0.4786288009179575,0.4405730570086169,0.46485006577830995,0.4786288009179575,0.6751401365499287
dt,corr,9,0.37076878944348823,0.3639192367138042,0.38288678224105166,0.37076878944348823,0.5532764907561841
lr,tree,9,0.4904188181296615,0.42932183828576687,0.40694299813349544,0.4904188181296615,0.6910736429368284
nb,tree,9,0.3078600114744693,0.32111449614344934,0.37157157394836443,0.3078600114744693,0.624553705523437
knn,tree,9,0.413855421686747,0.40318718627728345,0.4213537564528565,0.413855421686747,0.5946024930863208
rf,tree,9,0.4545324153757889,0.42579155073305214,0.441794285987159,0.4545324153757889,0.6605050736731852
dt,tree,9,0.38012048192771086,0.37802052332284386,0.3979487531507922,0.38012048192771086,0.5536968602519909
lr,var,9,0.46411359724612733,0.39710345080182885,0.4015796776155984,0.46411359724612733,0.6814514472286797
nb,var,9,0.3370338496844521,0.31994925673356767,0.36471388992641596,0.3370338496844521,0.6169955556253142
knn,var,9,0.4233218588640275,0.42290050629098913,0.442873937587569,0.4233218588640275,0.6302317610244892
rf,var,9,0.42355134825014346,0.40137383900600165,0.3984019231809113,0.42355134825014346,0.6424762268482037
dt,var,9,0.3824153757888698,0.38266288245364677,0.3927244103069589,0.3824153757888698,0.5674160135630436
lr,lrs,9,0.4902753872633391,0.4206619656600409,0.4504877272407102,0.4902753872633391,0.71535805376602
nb,lrs,9,0.37478485370051634,0.3596302975984419,0.39450282495680655,0.37478485370051634,0.6705759820501334
knn,lrs,9,0.4619047619047619,0.4373517638695595,0.449919828134367,0.4619047619047619,0.636457066388308
rf,lrs,9,0.4975616752725186,0.47407838011412917,0.4867843710386617,0.4975616752725186,0.6802937551403782
dt,lrs,9,0.40197934595524953,0.3940459462498519,0.4038693151961848,0.40197934595524953,0.5715114957020052
lr,rfe,9,0.4904188181296615,0.42932183828576687,0.40694299813349544,0.4904188181296615,0.6910736429368284
nb,rfe,9,0.3078600114744693,0.32111449614344934,0.37157157394836443,0.3078600114744693,0.624553705523437
knn,rfe,9,0.413855421686747,0.40318718627728345,0.4213537564528565,0.413855421686747,0.5946024930863208
rf,rfe,9,0.48580034423407914,0.4534577919385897,0.4920738921834646,0.48580034423407914,0.6646577608190666
dt,rfe,9,0.37791164658634535,0.3692456365237664,0.39150859738471383,0.37791164658634535,0.5543010268883942
lr,bor,9,0.4879518072289157,0.4264165663212382,0.4053106416852172,0.4879518072289157,0.6937015612429737
nb,bor,9,0.33184165232358,0.34064487272768174,0.38828347840227717,0.33184165232358,0.6361070049959243
knn,bor,9,0.4091508892713712,0.400151672063374,0.42029247508523415,0.4091508892713712,0.6174574677199026
rf,bor,9,0.46881812966150316,0.43375769058670677,0.44187553637877136,0.46881812966150316,0.6843605459185116
dt,bor,9,0.3709409064830752,0.3656212577042815,0.3714626443742288,0.3709409064830752,0.5458838944979842
lr,lass,9,0.45444635685599544,0.38082641280279766,0.41886200066544266,0.45444635685599544,0.6979165650155569
nb,lass,9,0.33181296615031547,0.33426300801733627,0.3645057558066293,0.33181296615031547,0.6465226269646696
knn,lass,9,0.5024670109007459,0.4810445965998443,0.5035917478151659,0.5024670109007459,0.6697027775281897
rf,lass,9,0.4952954675846242,0.4699490969686272,0.4772749117033433,0.4952954675846242,0.6974441369617581
dt,lass,9,0.3779116465863454,0.38072238151161336,0.40051227232371495,0.3779116465863454,0.5660103144269945
lr,muin,9,0.47105565117613307,0.40742154526969854,0.42932446598511775,0.47105565117613307,0.6984483572061848
nb,muin,9,0.2983075157773953,0.3104172817272218,0.3580907351416591,0.2983075157773953,0.6320631326370485
knn,muin,9,0.47363740676993693,0.45178792904242737,0.47833692803152583,0.47363740676993693,0.6567990347322459
rf,muin,9,0.48548479632816977,0.46454819036051453,0.4787541694698481,0.48548479632816977,0.6937772381582532
dt,muin,9,0.3876649454962708,0.3768009465278285,0.3795752753991782,0.3876649454962708,0.5578836137599505
lr,chi,9,0.45679862306368324,0.39213487598886554,0.3957692993849466,0.45679862306368324,0.689775688802546
nb,chi,9,0.37733792312105563,0.3609737039942241,0.4117490008183225,0.37733792312105563,0.6579504854824658
knn,chi,9,0.4061675272518646,0.4028456269871389,0.47289324706392666,0.4061675272518646,0.6494739291143804
rf,chi,9,0.4569420539300057,0.4291489288633592,0.44401718987461114,0.4569420539300057,0.6643639455885966
dt,chi,9,0.3515777395295468,0.34603946095908644,0.36617203809433424,0.3515777395295468,0.5505088000055323
lr,rfc,9,0.4904188181296615,0.42932183828576687,0.40694299813349544,0.4904188181296615,0.6910736429368284
nb,rfc,9,0.3078600114744693,0.32111449614344934,0.37157157394836443,0.3078600114744693,0.624553705523437
knn,rfc,9,0.413855421686747,0.40318718627728345,0.4213537564528565,0.413855421686747,0.5946024930863208
rf,rfc,9,0.4640849110728628,0.42746269859860464,0.4652436815222557,0.4640849110728628,0.6668819695032538
dt,rfc,9,0.35645438898450943,0.3527005144116207,0.370501435188748,0.35645438898450943,0.5410976552117481
lr,corr,10,0.4663511187607573,0.38438818857203294,0.3934518623730511,0.4663511187607573,0.6970235166579277
nb,corr,10,0.3630522088353414,0.3775786014453484,0.4489495792353277,0.3630522088353414,0.6520060757796884
knn,corr,10,0.4737808376362593,0.45426748979154546,0.4557946882847334,0.4737808376362593,0.6541407087347284
rf,corr,10,0.4569420539300057,0.4291700244401489,0.4378383999624275,0.4569420539300057,0.6824588786735569
dt,corr,10,0.3778255880665519,0.3787685914742007,0.3907604913062009,0.3778255880665519,0.5605915206248773
lr,tree,10,0.490390131956397,0.42770995461858324,0.4095105965266891,0.490390131956397,0.693707009851192
nb,tree,10,0.2912507171543316,0.3103407151599926,0.3628149175035241,0.2912507171543316,0.6252230892116928
knn,tree,10,0.4187607573149742,0.4092371999208348,0.4300723878811252,0.4187607573149742,0.6129635187958102
rf,tree,10,0.4737234652897303,0.43793143943347645,0.4631804190880272,0.4737234652897303,0.6872774119535453
dt,tree,10,0.36615031554790595,0.3588693095080059,0.3690496075470492,0.36615031554790595,0.5486494732066735
lr,var,10,0.46411359724612733,0.39677648938755083,0.3988362736443388,0.46411359724612733,0.6788308147694925
nb,var,10,0.30834767641996563,0.30715756253547016,0.353391274015671,0.30834767641996563,0.6141477374322633
knn,var,10,0.40880665519219733,0.4062377082761115,0.426632208668625,0.40880665519219733,0.6282842680313361
rf,var,10,0.4426850258175559,0.4063407363304523,0.39215166037776117,0.4426850258175559,0.63601337539195
dt,var,10,0.3876362593230063,0.38273734191139896,0.3929576281362278,0.3876362593230063,0.5606570208051036
lr,lrs,10,0.49982788296041303,0.42949959963822915,0.4380751761721136,0.49982788296041303,0.7167277724326391
nb,lrs,10,0.3700803212851405,0.3765275067103555,0.44531145345178624,0.3700803212851405,0.6595137621874876
knn,lrs,10,0.46428571428571425,0.44778072041363526,0.44637959423802176,0.46428571428571425,0.649153072450081
rf,lrs,10,0.49279977051061385,0.4670123744133082,0.5109364212090798,0.49279977051061385,0.6884245305707756
dt,lrs,10,0.3779690189328743,0.37702551437939086,0.385241740836829,0.3779690189328743,0.5578497734705479
lr,rfe,10,0.490390131956397,0.42770995461858324,0.4095105965266891,0.490390131956397,0.693707009851192
nb,rfe,10,0.2912507171543316,0.3103407151599926,0.3628149175035241,0.2912507171543316,0.6252230892116928
knn,rfe,10,0.4187607573149742,0.4092371999208348,0.4300723878811252,0.4187607573149742,0.6129635187958102
rf,rfe,10,0.4522375215146299,0.41124581923988013,0.4466097436282978,0.4522375215146299,0.6799688727277647
dt,rfe,10,0.3542168674698795,0.34957213662136183,0.3593989549116946,0.3542168674698795,0.5366467020056852
lr,bor,10,0.490390131956397,0.42770995461858324,0.4095105965266891,0.490390131956397,0.693707009851192
nb,bor,10,0.2912507171543316,0.3103407151599926,0.3628149175035241,0.2912507171543316,0.6252230892116928
knn,bor,10,0.4187607573149742,0.4092371999208348,0.4300723878811252,0.4187607573149742,0.6129635187958102
rf,bor,10,0.4832472748135398,0.44477188453728944,0.47210738930154006,0.4832472748135398,0.6789029369911971
dt,bor,10,0.3709122203098107,0.3671867851897899,0.3825752981586431,0.3709122203098107,0.5506862771434529
lr,lass,10,0.4592082616179002,0.3893938331301351,0.42316184188339434,0.4592082616179002,0.6983613722083897
nb,lass,10,0.30080321285140565,0.31251189603899215,0.3455864681812621,0.30080321285140565,0.6237387529432101
knn,lass,10,0.47621916236374073,0.45868322878345114,0.4830991157184049,0.47621916236374073,0.6609885256368215
rf,lass,10,0.4833046471600689,0.4567705100886562,0.4596199498154177,0.4833046471600689,0.7072263742982098
dt,lass,10,0.37558806655192195,0.37531549657152624,0.3888117358782683,0.37558806655192195,0.5570839731158509
lr,muin,10,0.4687320711417097,0.39359035373775314,0.4193525460582365,0.4687320711417097,0.6975647201665293
nb,muin,10,0.2747848537005163,0.30082885523937375,0.4072837469333447,0.2747848537005163,0.6239928216442409
knn,muin,10,0.4425989672977625,0.4286862574233593,0.4381444678322944,0.4425989672977625,0.6527095835869011
rf,muin,10,0.4926563396442914,0.47198786497037537,0.4829499522382066,0.4926563396442914,0.6820251624955301
dt,muin,10,0.3588640275387263,0.3605939536787911,0.375446503684261,0.3588640275387263,0.5455049109799218
lr,chi,10,0.45679862306368324,0.39048814489286143,0.4056668967381859,0.45679862306368324,0.6869495066017469
nb,chi,10,0.34145152036718296,0.3449787035619278,0.4089716882608566,0.34145152036718296,0.6457782315441875
knn,chi,10,0.406253585771658,0.39425986711283295,0.45711314160545297,0.406253585771658,0.6336551395640482
rf,chi,10,0.46399885255306944,0.4374521572488762,0.46458905702749187,0.46399885255306944,0.6806736237708055
dt,chi,10,0.3826448651749857,0.3884035248203638,0.4140165462229374,0.3826448651749857,0.5725672280394045
lr,rfc,10,0.4832472748135399,0.4235710617271313,0.39931761548516104,0.4832472748135399,0.6895427787269386
nb,rfc,10,0.2982214572576018,0.31344594387691,0.36795695393928207,0.2982214572576018,0.6208142243369517
knn,rfc,10,0.42825588066551923,0.41371164734025756,0.4260984233685855,0.42825588066551923,0.6135856180320193
rf,rfc,10,0.4665806081468732,0.43164211353938053,0.4785642737114208,0.4665806081468732,0.670484206734949
dt,rfc,10,0.35886402753872637,0.3556496511905791,0.3766604120561369,0.35886402753872637,0.5470677536422569
lr,corr,11,0.46399885255306944,0.3841787089046062,0.3808825126183769,0.46399885255306944,0.6965992465709484
nb,corr,11,0.34865174985656916,0.3647823633883387,0.43857933323291487,0.34865174985656916,0.6477707823455192
knn,corr,11,0.4617613310384395,0.44220521411476665,0.44479152472634614,0.4617613310384395,0.6464345989584649
rf,corr,11,0.4880378657487091,0.4512324233093164,0.4656045045302795,0.4880378657487091,0.680339657681887
dt,corr,11,0.4065691336775674,0.41066044705877125,0.44274275210949243,0.4065691336775674,0.5863434857937988
lr,tree,11,0.4734939759036145,0.39965262959195924,0.40309181960870255,0.4734939759036145,0.7067738187949411
nb,tree,11,0.29601262191623634,0.31750890399292453,0.37744516048895976,0.29601262191623634,0.6321404246565148
knn,tree,11,0.4521801491681009,0.44325692692524454,0.4520950309422358,0.4521801491681009,0.6512886729045166
rf,tree,11,0.5094090648307515,0.47558564132723413,0.5065506870630538,0.5094090648307515,0.6929757241156096
dt,tree,11,0.402008032128514,0.39666942027995816,0.440548649350833,0.402008032128514,0.5744973609470567
lr,var,11,0.4592369477911646,0.3907160487167304,0.391806555736797,0.4592369477911646,0.6790145540878013
nb,var,11,0.2987378083763626,0.2999862777805712,0.3442889300278364,0.2987378083763626,0.6146996972967574
knn,var,11,0.40177854274239816,0.39878767157761236,0.41266229401921867,0.40177854274239816,0.6179883158318086
rf,var,11,0.45929432013769367,0.42715192916103195,0.4262692957005735,0.45929432013769367,0.6580352865932387
dt,var,11,0.3850545037292025,0.3827103700060833,0.39442637781910594,0.3850545037292025,0.5598964350952211
lr,lrs,11,0.4950659781985083,0.42494303158789143,0.4299224941284542,0.4950659781985083,0.7174236359250188
nb,lrs,11,0.35814687320711414,0.37862283256322754,0.4563560567901315,0.35814687320711414,0.6547068548770774
knn,lrs,11,0.45720022948938616,0.444105449102986,0.44457051874421794,0.45720022948938616,0.6521327607175911
rf,lrs,11,0.5024670109007457,0.474191222553826,0.5015394736242873,0.5024670109007457,0.6935883112099163
dt,lrs,11,0.3610441767068273,0.3612657148989197,0.3857984977115157,0.3610441767068273,0.5509301665092874
lr,rfe,11,0.4784279977051062,0.4184176592527763,0.3964702741288632,0.4784279977051062,0.6916392312545504
nb,rfe,11,0.28637406769936885,0.30870409775777274,0.3697533426231077,0.28637406769936885,0.6231791209464639
knn,rfe,11,0.4283706253585772,0.41440906332623156,0.4289075850315287,0.4283706253585772,0.6193901597563668
rf,rfe,11,0.4712851405622489,0.4322654908156368,0.45577930780329456,0.4712851405622489,0.6819912401425563
dt,rfe,11,0.37314974182444066,0.37043188296071583,0.38511909836923647,0.37314974182444066,0.5543971004400603
lr,bor,11,0.4784279977051062,0.4184176592527763,0.3964702741288632,0.4784279977051062,0.6916392312545504
nb,bor,11,0.28637406769936885,0.30870409775777274,0.3697533426231077,0.28637406769936885,0.6231791209464639
knn,bor,11,0.4283706253585772,0.41440906332623156,0.4289075850315287,0.4283706253585772,0.6193901597563668
rf,bor,11,0.48330464716006877,0.441954961391572,0.44793239329101064,0.48330464716006877,0.6776032000340536
dt,bor,11,0.3851979345955249,0.3826938191465222,0.41669993370590686,0.3851979345955249,0.5658349933281317
lr,lass,11,0.46158921399885255,0.39198296930763876,0.4236909878158584,0.46158921399885255,0.6965507544247042
nb,lass,11,0.29604130808950085,0.30999334762870623,0.36170599977514,0.29604130808950085,0.6176664079584965
knn,lass,11,0.4809810671256455,0.4606237852530775,0.4746272420329906,0.4809810671256455,0.6525160985952282
rf,lass,11,0.46411359724612733,0.4376634679285186,0.4513237007499452,0.46411359724612733,0.6950655001266968
dt,lass,11,0.3898450946643718,0.3899520915269231,0.4071164722524002,0.3898450946643718,0.567950614702937
lr,muin,11,0.4759036144578313,0.4123262051328654,0.4130658120639207,0.4759036144578313,0.7004268968825468
nb,muin,11,0.31526104417670686,0.3370208715602384,0.418442792807438,0.31526104417670686,0.6312338990624211
knn,muin,11,0.46179001721170393,0.4503034995010887,0.4636447898494618,0.46179001721170393,0.6671324213946499
rf,muin,11,0.490275387263339,0.4587608847378116,0.4602455957156123,0.490275387263339,0.6792960112402735
dt,muin,11,0.39222604704532416,0.39135244623253074,0.4104345271106352,0.39222604704532416,0.5713000699893727
lr,chi,11,0.46881812966150316,0.39777571707146897,0.4114636303965534,0.46881812966150316,0.6920160944115611
nb,chi,11,0.3461560527825588,0.3527225618664904,0.41750028556049446,0.3461560527825588,0.6447735738912787
knn,chi,11,0.4448938611589214,0.4364280720331804,0.46724526139173295,0.4448938611589214,0.6211246076425991
rf,chi,11,0.4664371772805508,0.43193999299063207,0.4355136362312124,0.4664371772805508,0.6724301903291712
dt,chi,11,0.3919678714859438,0.3951965648473837,0.4369605445129152,0.3919678714859438,0.5826189647440818
lr,rfc,11,0.4784279977051062,0.4184176592527763,0.3964702741288632,0.4784279977051062,0.6916392312545504
nb,rfc,11,0.28637406769936885,0.30870409775777274,0.3697533426231077,0.28637406769936885,0.6231791209464639
knn,rfc,11,0.4283706253585772,0.41440906332623156,0.4289075850315287,0.4283706253585772,0.6193901597563668
rf,rfc,11,0.5047332185886403,0.4722324911004419,0.4878805440208917,0.5047332185886403,0.6862786635552399
dt,rfc,11,0.35169248422260474,0.3480636822941708,0.35762124013933105,0.35169248422260474,0.5390859405657764
lr,corr,12,0.4591795754446356,0.3831549130537589,0.37998981285738714,0.4591795754446356,0.697016802830187
nb,corr,12,0.32707974756167524,0.34745006654275673,0.42178974942285885,0.32707974756167524,0.6432150295276997
knn,corr,12,0.46173264486517496,0.4486991777821097,0.4621933687278064,0.46173264486517496,0.6531132304199414
rf,corr,12,0.4857429718875502,0.4510886646632888,0.4578012823891725,0.4857429718875502,0.6892184907339429
dt,corr,12,0.3851118760757315,0.3897195704449972,0.40650169023265503,0.3851118760757315,0.5657898468908099
lr,tree,12,0.47584624211130233,0.39464834578820773,0.38354948565279656,0.47584624211130233,0.7085169962321809
nb,tree,12,0.29363166953528397,0.31626330020001614,0.3951936100258795,0.29363166953528397,0.6335720423934059
knn,tree,12,0.48350545037292025,0.46101709324296297,0.47051420618514345,0.48350545037292025,0.649161986265499
rf,tree,12,0.5024096385542169,0.4676231030447366,0.49090171727335663,0.5024096385542169,0.6994038586154405
dt,tree,12,0.40450372920252436,0.3943707330830392,0.4243801028836458,0.40450372920252436,0.5746779968010662
lr,var,12,0.4759609868043603,0.4106001509517512,0.42690239091811016,0.4759609868043603,0.6855638393050788
nb,var,12,0.3106425702811245,0.31963773948104485,0.38931358594375864,0.3106425702811245,0.6210533321930631
knn,var,12,0.42352266207687894,0.4106474576110271,0.41466855535190755,0.42352266207687894,0.6219975686339156
rf,var,12,0.4591508892713712,0.42813402907999787,0.43605169407562194,0.4591508892713712,0.6677279267126508
dt,var,12,0.3517498565691336,0.35360161579928673,0.36884843399300654,0.3517498565691336,0.5437436388955827
lr,lrs,12,0.4927710843373493,0.42512828400299973,0.4283609757218579,0.4927710843373493,0.7166000952152722
nb,lrs,12,0.3605278255880665,0.38037635692717736,0.45874086484172094,0.3605278255880665,0.6545744531059868
knn,lrs,12,0.45940906483075156,0.4482261166075919,0.4544012177273921,0.45940906483075156,0.6564075307914099
rf,lrs,12,0.5023522662076878,0.4712856856642526,0.48174611014109614,0.5023522662076878,0.6962303483192347
dt,lrs,12,0.3443201376936317,0.3431937202712002,0.36392099643243403,0.3443201376936317,0.5400724233808905
lr,rfe,12,0.4663511187607573,0.39368661104260727,0.3974906942827654,0.4663511187607573,0.7040434409295876
nb,rfe,12,0.27685025817555936,0.29760833951959115,0.3573829387108091,0.27685025817555936,0.631343509372371
knn,rfe,12,0.45450372920252435,0.4429320015637114,0.4477506073307246,0.45450372920252435,0.6563445370463281
rf,rfe,12,0.49279977051061385,0.4649569898034612,0.4827904497330815,0.49279977051061385,0.691291264677379
dt,rfe,12,0.4068559954102122,0.406818888507372,0.44869685416382515,0.4068559954102122,0.5824370219971167
lr,bor,12,0.4663511187607573,0.39368661104260727,0.3974906942827654,0.4663511187607573,0.7040434409295876
nb,bor,12,0.27685025817555936,0.29760833951959115,0.3573829387108091,0.27685025817555936,0.631343509372371
knn,bor,12,0.45450372920252435,0.4429320015637114,0.4477506073307246,0.45450372920252435,0.6563445370463281
rf,bor,12,0.48568559954102125,0.45257330200655027,0.47007057085416476,0.48568559954102125,0.693043555202806
dt,bor,12,0.4138841078600114,0.4088099854831849,0.4479984272787661,0.4138841078600114,0.5887140776279026
lr,lass,12,0.4710843373493976,0.3963718532539686,0.42252944232016043,0.4710843373493976,0.7006498913255308
nb,lass,12,0.25539300057372344,0.272763004312471,0.3468155820309658,0.25539300057372344,0.6212093842604649
knn,lass,12,0.478657487091222,0.45811867295118996,0.46727685507118455,0.478657487091222,0.6577300053006185
rf,lass,12,0.47119908204245553,0.4409046887925581,0.46232350026623736,0.47119908204245553,0.697932116947906
dt,lass,12,0.3779690189328743,0.37096939344424784,0.3860347446516654,0.3779690189328743,0.5545205667246936
lr,muin,12,0.46632243258749284,0.3912420582764663,0.4137290275987639,0.46632243258749284,0.702385871803028
nb,muin,12,0.291451520367183,0.320035463212852,0.42953542567671643,0.291451520367183,0.6328627334645823
knn,muin,12,0.4783993115318417,0.46114292731306383,0.46830273775213715,0.4783993115318417,0.6509279822467915
rf,muin,12,0.48310384394721745,0.4545121449842081,0.45864448264474145,0.48310384394721745,0.6884158487388622
dt,muin,12,0.3826161790017212,0.38389715757422405,0.4014705832840799,0.3826161790017212,0.5660351375601975
lr,chi,12,0.47355134825014333,0.4079097129776816,0.4187529752723405,0.47355134825014333,0.6998649507208251
nb,chi,12,0.3533849684452094,0.3631752866539111,0.4370841589851759,0.3533849684452094,0.6520988788922187
knn,chi,12,0.4664658634538153,0.45176916349471,0.4575142790834333,0.4664658634538153,0.6220169143283283
rf,chi,12,0.4761044176706827,0.446065959188083,0.4576779947773703,0.4761044176706827,0.6711464712425776
dt,chi,12,0.3944348823866896,0.3928426826270987,0.4147082668958961,0.3944348823866896,0.5782336009151984
lr,rfc,12,0.4663511187607573,0.39368661104260727,0.3974906942827654,0.4663511187607573,0.7040434409295876
nb,rfc,12,0.27685025817555936,0.29760833951959115,0.3573829387108091,0.27685025817555936,0.631343509372371
knn,rfc,12,0.45450372920252435,0.4429320015637114,0.4477506073307246,0.45450372920252435,0.6563445370463281
rf,rfc,12,0.519219736087206,0.4866988898622953,0.5158594464522194,0.519219736087206,0.704767418640492
dt,rfc,12,0.42593230063109583,0.420396022376117,0.46065300856031577,0.42593230063109583,0.5929167456315633
lr,corr,13,0.46632243258749273,0.3899674837851269,0.3909411193058924,0.46632243258749273,0.7016940615187213
nb,corr,13,0.3391853126792886,0.3574236481573512,0.43272379657578836,0.3391853126792886,0.6475105283090289
knn,corr,13,0.45938037865748715,0.44496091144049377,0.45102753934628553,0.45938037865748715,0.6506587938400031
rf,corr,13,0.47848537005163505,0.44256057714094404,0.44662199741040143,0.47848537005163505,0.6886393755237872
dt,corr,13,0.4114744693057946,0.41135502794047313,0.4403817118564981,0.4114744693057946,0.5866455659280867
lr,tree,13,0.4782271944922547,0.3972131023508161,0.38570140464905595,0.4782271944922547,0.7069486284611339
nb,tree,13,0.2959552495697074,0.3151731462014554,0.3875844471748893,0.2959552495697074,0.6328318983872478
knn,tree,13,0.46919104991394145,0.44694512214022064,0.4548839849475785,0.46919104991394145,0.6499181180763512
rf,tree,13,0.4927710843373494,0.4554094384667652,0.483725258257979,0.4927710843373494,0.6926213705527561
dt,tree,13,0.4114457831325301,0.40406593019980563,0.44031164473430334,0.4114457831325301,0.5794481801451741
lr,var,13,0.4783419391853127,0.4155952301174339,0.415395706897087,0.4783419391853127,0.6863640805245034
nb,var,13,0.28439472174411934,0.300520415011146,0.3600361703841753,0.28439472174411934,0.6135666303219842
knn,var,13,0.4354561101549053,0.4237860333459992,0.4257384584308571,0.4354561101549053,0.6322958471004984
rf,var,13,0.44724612736660935,0.4153928634956503,0.41990531721299373,0.44724612736660935,0.6693589881611748
dt,var,13,0.354130808950086,0.3575823239737514,0.37650598768896393,0.354130808950086,0.5471863544343292
lr,lrs,13,0.4879804934021802,0.41947366181266216,0.42370039947790283,0.4879804934021802,0.7155029306822309
nb,lrs,13,0.35814687320711414,0.37715422605697524,0.45555581484558144,0.35814687320711414,0.6535668884509988
knn,lrs,13,0.46411359724612733,0.4539802489916088,0.4611483174014623,0.46411359724612733,0.6507973961610622
rf,lrs,13,0.47613310384394725,0.4495844606964575,0.46438043477811475,0.47613310384394725,0.7008721685272896
dt,lrs,13,0.3876362593230063,0.39223624919325817,0.426177080954455,0.3876362593230063,0.5685737583720105
lr,rfe,13,0.4782271944922547,0.3972131023508161,0.38570140464905595,0.4782271944922547,0.7069486284611339
nb,rfe,13,0.2959552495697074,0.3151731462014554,0.3875844471748893,0.2959552495697074,0.6328318983872478
knn,rfe,13,0.46919104991394145,0.44694512214022064,0.4548839849475785,0.46919104991394145,0.6499181180763512
rf,rfe,13,0.4833333333333333,0.45613964673304414,0.4796832865344333,0.4833333333333333,0.7058729223135156
dt,rfe,13,0.413855421686747,0.40644650266596444,0.4578915937483785,0.413855421686747,0.5842773542483009
lr,bor,13,0.4782271944922547,0.3972131023508161,0.38570140464905595,0.4782271944922547,0.7069486284611339
nb,bor,13,0.2959552495697074,0.3151731462014554,0.3875844471748893,0.2959552495697074,0.6328318983872478
knn,bor,13,0.46919104991394145,0.44694512214022064,0.4548839849475785,0.46919104991394145,0.6499181180763512
rf,bor,13,0.4904188181296615,0.4527015370924077,0.5021443277501851,0.4904188181296615,0.7028601596252931
dt,bor,13,0.4068559954102122,0.40456180797720515,0.449959114662368,0.4068559954102122,0.5806081400569416
lr,lass,13,0.4734939759036145,0.3981941735147841,0.4260861841200489,0.4734939759036145,0.7008897346368389
nb,lass,13,0.28671830177854274,0.31048409560237317,0.4131145132133427,0.28671830177854274,0.6255730931478487
knn,lass,13,0.4475903614457831,0.43289278355346683,0.43337989443225755,0.4475903614457831,0.6532861440654766
rf,lass,13,0.48321858864027545,0.4583677301061635,0.47566245070293683,0.48321858864027545,0.7084444536123127
dt,lass,13,0.39945496270797476,0.39719083451520504,0.40981935403689523,0.39945496270797476,0.5676917849698162
lr,muin,13,0.4878370625358578,0.4240232932269533,0.43081905713722213,0.4878370625358578,0.7113396014110747
nb,muin,13,0.31767068273092364,0.3379398474220156,0.4255933375653293,0.31767068273092364,0.6398059985933316
knn,muin,13,0.47366609294320144,0.4547764329588017,0.45613834977187667,0.47366609294320144,0.6402292965942794
rf,muin,13,0.5165232358003442,0.49078718789406806,0.5157362178579346,0.5165232358003442,0.7025811831997192
dt,muin,13,0.3753872633390706,0.3785674339770765,0.4053782457223722,0.3753872633390706,0.5605144037883765
lr,chi,13,0.4855708548479633,0.4177641755198855,0.4223655940384308,0.4855708548479633,0.7061537903167795
nb,chi,13,0.3438898450946643,0.3571171470697746,0.4427071001911956,0.3438898450946643,0.6476368783306192
knn,chi,13,0.4451807228915663,0.43419397004233345,0.4377771136868752,0.4451807228915663,0.6305620710663172
rf,chi,13,0.49030407343660354,0.46069236657580176,0.46819939173763847,0.49030407343660354,0.684194050497085
dt,chi,13,0.3920826161790017,0.3922138239976403,0.4074440126448554,0.3920826161790017,0.572539769908853
lr,rfc,13,0.4782271944922547,0.3972131023508161,0.38570140464905595,0.4782271944922547,0.7069486284611339
nb,rfc,13,0.2959552495697074,0.3151731462014554,0.3875844471748893,0.2959552495697074,0.6328318983872478
knn,rfc,13,0.46919104991394145,0.44694512214022064,0.4548839849475785,0.46919104991394145,0.6499181180763512
rf,rfc,13,0.5071428571428571,0.47483205732272216,0.4930955697353906,0.5071428571428571,0.7018235765269708
dt,rfc,13,0.4020367183017785,0.39402609401895045,0.43552564886257716,0.4020367183017785,0.5730934990616158
lr,corr,14,0.48318990246701093,0.4139341843581702,0.41838508052801415,0.48318990246701093,0.707973388173891
nb,corr,14,0.3344234079173838,0.3527001975426495,0.4293833725599252,0.3344234079173838,0.6469152959000702
knn,corr,14,0.45938037865748715,0.44686672690264545,0.4520218741634377,0.45938037865748715,0.6548540792656818
rf,corr,14,0.5,0.47145945368319453,0.4720849635336159,0.5,0.6978753859229275
dt,corr,14,0.3947217441193345,0.3968327317929029,0.41567611024432427,0.3947217441193345,0.5718112978597301
lr,tree,14,0.46394148020654047,0.3909964093076629,0.40444278700168795,0.46394148020654047,0.7060266556873986
nb,tree,14,0.2911646586345381,0.3108394057943402,0.38411040212502373,0.2911646586345381,0.6331285323843779
knn,tree,14,0.47624784853700514,0.4576901101884733,0.46735744683455527,0.47624784853700514,0.6640458555519938
rf,tree,14,0.4761044176706827,0.4427824627235223,0.43803883288050266,0.4761044176706827,0.6974687707235271
dt,tree,14,0.4259896729776248,0.4233071996047249,0.46949983674646373,0.4259896729776248,0.5941109929260278
lr,var,14,0.47358003442340796,0.4111357672251522,0.41020085435097037,0.47358003442340796,0.686159378186385
nb,var,14,0.253298909925416,0.2741536232219385,0.33902085368291957,0.253298909925416,0.6125117581984355
knn,var,14,0.4282845668387837,0.41885067887508837,0.4241847095538553,0.4282845668387837,0.6348462517083612
rf,var,14,0.46402753872633384,0.43354769813751093,0.4339728925077709,0.46402753872633384,0.683072547677798
dt,var,14,0.3493115318416523,0.3501354678527906,0.36468259224840965,0.3493115318416523,0.5423340337667731
lr,lrs,14,0.4832185886402753,0.4143864812755564,0.4176147886068657,0.4832185886402753,0.7184211674533383
nb,lrs,14,0.3462707974756168,0.3639647144999476,0.4514374547432392,0.3462707974756168,0.6587958317646081
knn,lrs,14,0.4593230063109582,0.44922190533482287,0.45570308718761454,0.4593230063109582,0.6569472102157512
rf,lrs,14,0.4928571428571429,0.46247389877818235,0.48663666242857123,0.4928571428571429,0.717437755027121
dt,lrs,14,0.37558806655192195,0.38106361317846876,0.3975432838926968,0.37558806655192195,0.5642064432332907
lr,rfe,14,0.4591795754446357,0.38338371631030793,0.37550915292965936,0.4591795754446357,0.7093626828708198
nb,rfe,14,0.29360298336201945,0.31288221377281,0.3875172291779009,0.29360298336201945,0.6332288419668914
knn,rfe,14,0.4736374067699368,0.45448368405741923,0.4632151381378093,0.4736374067699368,0.6540015058570763
rf,rfe,14,0.4881812966150315,0.4500677380500361,0.48186099342516586,0.4881812966150315,0.6950884358895932
dt,rfe,14,0.41623637406769937,0.4126048843883166,0.4528299547135958,0.41623637406769937,0.5858471386305852
lr,bor,14,0.4591795754446357,0.38338371631030793,0.37550915292965936,0.4591795754446357,0.7093626828708198
nb,bor,14,0.29360298336201945,0.31288221377281,0.3875172291779009,0.29360298336201945,0.6332288419668914
knn,bor,14,0.4736374067699368,0.45448368405741923,0.4632151381378093,0.4736374067699368,0.6540015058570763
rf,bor,14,0.4737808376362593,0.4315074438904336,0.4767352910651807,0.4737808376362593,0.6908824168317098
dt,bor,14,0.39004589787722316,0.38655922833061146,0.42959575690962704,0.39004589787722316,0.5678600405036102
lr,lass,14,0.4687320711417097,0.3970163802948481,0.3955772767028654,0.4687320711417097,0.697877538316517
nb,lass,14,0.2795180722891566,0.30175914568199974,0.4036947095817164,0.2795180722891566,0.6258694057829464
knn,lass,14,0.44985656913367755,0.43695986059766934,0.439232164167803,0.44985656913367755,0.6585561931894771
rf,lass,14,0.4592656339644291,0.4319677353964009,0.4394798674099268,0.4592656339644291,0.7010668761400696
dt,lass,14,0.38516924842226047,0.3937988242795531,0.4193193909961087,0.38516924842226047,0.5659163025028343
lr,muin,14,0.48057946069994256,0.4227278574969315,0.44237852157901114,0.48057946069994256,0.699196338571445
nb,muin,14,0.2912507171543316,0.3148310021175966,0.3901773847937288,0.2912507171543316,0.6257142581278375
knn,muin,14,0.3658634538152611,0.3572337343600197,0.36502376504474315,0.3658634538152611,0.5888915339662262
rf,muin,14,0.4852553069420539,0.4517908113625264,0.5062576960675746,0.4852553069420539,0.6959128714077323
dt,muin,14,0.36835915088927135,0.3622280641038512,0.3922981727857913,0.36835915088927135,0.5608455702179466
lr,chi,14,0.48078026391279405,0.4135753766925359,0.4169296586658895,0.48078026391279405,0.6964843060461399
nb,chi,14,0.3176419965576592,0.328893352486986,0.3895459976670152,0.3176419965576592,0.6261565850616557
knn,chi,14,0.42358003442340786,0.41255646411965624,0.41607844314784376,0.42358003442340786,0.6197767091634517
rf,chi,14,0.49532415375788863,0.4658403488669326,0.48909640864473064,0.49532415375788863,0.6774471289096835
dt,chi,14,0.3849397590361446,0.38531682968779535,0.4000774042240002,0.3849397590361446,0.5632166447430608
lr,rfc,14,0.4591795754446357,0.38338371631030793,0.37550915292965936,0.4591795754446357,0.7093626828708198
nb,rfc,14,0.29360298336201945,0.31288221377281,0.3875172291779009,0.29360298336201945,0.6332288419668914
knn,rfc,14,0.4736374067699368,0.45448368405741923,0.4632151381378093,0.4736374067699368,0.6540015058570763
rf,rfc,14,0.488095238095238,0.46047066785202084,0.4950849218801975,0.488095238095238,0.7135829670312692
dt,rfc,14,0.4067412507171543,0.39663619624492485,0.4413023186724329,0.4067412507171543,0.5763863466750486
lr,corr,15,0.48318990246701093,0.4151980715765478,0.41127513384329095,0.48318990246701093,0.7094860309666355
nb,corr,15,0.3368330464716007,0.35506164052047573,0.4318283279597132,0.3368330464716007,0.6464183607231643
knn,corr,15,0.4522375215146299,0.44108895166856465,0.4437247951005924,0.4522375215146299,0.6381264444164614
rf,corr,15,0.5095524956970741,0.47433833118892854,0.47551902001207536,0.5095524956970741,0.6989184957705552
dt,corr,15,0.38508318990246704,0.39202342912197236,0.4083513578980096,0.38508318990246704,0.5667023351853536
lr,tree,15,0.4615605278255881,0.3853445303321257,0.38768787005858696,0.4615605278255881,0.7077864536916895
nb,tree,15,0.29621342512908777,0.3246088935894822,0.42467841820195557,0.29621342512908777,0.6355890853085958
knn,tree,15,0.4688181296615032,0.45423273689730514,0.461311908007065,0.4688181296615032,0.6509815690464122
rf,tree,15,0.500057372346529,0.4612294048181707,0.487032156230781,0.500057372346529,0.700174667962799
dt,tree,15,0.3897877223178428,0.38984146125497177,0.4081791001496722,0.3897877223178428,0.5685784752304579
lr,var,15,0.47117039586919096,0.4078563260035345,0.40625397972479577,0.47117039586919096,0.6955311759112427
nb,var,15,0.2581181870338497,0.28592793201352357,0.36852546055572316,0.2581181870338497,0.6142529559807197
knn,var,15,0.4402180149168101,0.4258673800793785,0.42727849246273236,0.4402180149168101,0.6405623515819122
rf,var,15,0.46402753872633384,0.4393866310281628,0.44747288400102525,0.46402753872633384,0.6888376717747539
dt,var,15,0.363855421686747,0.3618953915955497,0.3796277293119036,0.363855421686747,0.5501744259358164
lr,lrs,15,0.4760183591508893,0.4084529283426578,0.41031372913628433,0.4760183591508893,0.7091252843066636
nb,lrs,15,0.3129374641422834,0.3292198641916716,0.40785012548295496,0.3129374641422834,0.6416000741547211
knn,lrs,15,0.44727481353987375,0.43519532320001153,0.44001701538474985,0.44727481353987375,0.6434501122540466
rf,lrs,15,0.4832472748135398,0.451170876086584,0.46296502741615325,0.4832472748135398,0.6911209536642133
dt,lrs,15,0.4115892139988525,0.4097329630097322,0.43303445381843914,0.4115892139988525,0.5838076343653236
lr,rfe,15,0.4663798049340218,0.3952082725320504,0.43003010777893563,0.4663798049340218,0.7067600193070799
nb,rfe,15,0.2911933448078026,0.3132460977030797,0.38986605091288296,0.2911933448078026,0.6332334131070401
knn,rfe,15,0.4737234652897303,0.45391306267157494,0.45622552680365464,0.4737234652897303,0.6571291390157713
rf,rfe,15,0.5,0.47040071005447287,0.5069767896341674,0.5,0.7009738611937415
dt,rfe,15,0.4068273092369479,0.4039421268075845,0.4452384424224503,0.4068273092369479,0.5773736601811231
lr,bor,15,0.4854847963281698,0.420487709013477,0.41486874004840485,0.4854847963281698,0.7158457406090906
nb,bor,15,0.29357429718875505,0.3128933106672541,0.38855226985613844,0.29357429718875505,0.6325927262615341
knn,bor,15,0.4879518072289157,0.46847509108594315,0.4742468238305474,0.4879518072289157,0.6627424604110643
rf,bor,15,0.4927710843373494,0.46249366120803276,0.4795398837040272,0.4927710843373494,0.7034147985836717
dt,bor,15,0.41391279403327597,0.40928751988269757,0.4427585209330173,0.41391279403327597,0.581286905853252
lr,lass,15,0.4734939759036145,0.40831798799217367,0.4083851551064381,0.4734939759036145,0.7046264667733901
nb,lass,15,0.27716580608146874,0.30063261119981977,0.39843832832566684,0.27716580608146874,0.6256172024873494
knn,lass,15,0.44985656913367755,0.43794342047652135,0.4415530121999698,0.44985656913367755,0.6624284592893028
rf,lass,15,0.47607573149741816,0.44675842970344126,0.4480392163949619,0.47607573149741816,0.6996871246544322
dt,lass,15,0.3755593803786575,0.3723378415764138,0.39015715739801626,0.3755593803786575,0.5617711540209165
lr,muin,15,0.46632243258749284,0.40255060580953456,0.40710000943934094,0.46632243258749284,0.697357897428803
nb,muin,15,0.28201376936316697,0.3106696863818704,0.4054954400239946,0.28201376936316697,0.6297080178964916
knn,muin,15,0.42343660355708546,0.415869982431272,0.4251309429211626,0.42343660355708546,0.6506736901308607
rf,muin,15,0.49977051061388417,0.4723974202372217,0.500183595386086,0.49977051061388417,0.6927205153913407
dt,muin,15,0.38514056224899595,0.38755230743304836,0.4084761268238191,0.38514056224899595,0.5692953054802137
lr,chi,15,0.4831612162937464,0.41662640336392787,0.4121437680685953,0.4831612162937464,0.7043387393055731
nb,chi,15,0.2914802065404475,0.3128095810886839,0.3887926051903213,0.2914802065404475,0.6313997119202586
knn,chi,15,0.44497991967871486,0.42980465636462223,0.4316881055125045,0.44497991967871486,0.628904085525952
rf,chi,15,0.4879804934021802,0.4596888389709023,0.4733626881352725,0.4879804934021802,0.6899221676853509
dt,chi,15,0.39225473321858867,0.3910943207633148,0.41855494145788547,0.39225473321858867,0.5731465906135049
lr,rfc,15,0.4663798049340218,0.3952082725320504,0.43003010777893563,0.4663798049340218,0.7068046422432691
nb,rfc,15,0.2911933448078026,0.3132460977030797,0.38986605091288296,0.2911933448078026,0.6332334131070401
knn,rfc,15,0.4737234652897303,0.45391306267157494,0.45622552680365464,0.4737234652897303,0.6571291390157713
rf,rfc,15,0.5143144004589788,0.4902387488087574,0.5197582924138808,0.5143144004589788,0.7056151800631598
dt,rfc,15,0.4162650602409639,0.4080488556478727,0.4545614734487168,0.4162650602409639,0.581953749334583
lr,corr,16,0.4926850258175559,0.42860879615178327,0.4220591182490855,0.4926850258175559,0.7085637066739772
nb,corr,16,0.3106425702811245,0.334489006936807,0.42124551523850473,0.3106425702811245,0.6303528609179498
knn,corr,16,0.4545324153757889,0.4443549360545231,0.45055021550054625,0.4545324153757889,0.6426760129376065
rf,corr,16,0.5049053356282271,0.4766216022690406,0.5029620272050566,0.5049053356282271,0.7123130786121508
dt,corr,16,0.37079747561675275,0.37434801001563817,0.39264114209025275,0.37079747561675275,0.5575474439779643
lr,tree,16,0.473522662076879,0.4001631378373551,0.3986080297751985,0.473522662076879,0.7062398853095575
nb,tree,16,0.2890131956397016,0.3182095129730139,0.4201153403036685,0.2890131956397016,0.6354925536630552
knn,tree,16,0.4473895582329317,0.4367761929704591,0.4403903356728927,0.4473895582329317,0.6462329855942477
rf,tree,16,0.4881239242685026,0.4627937227701794,0.4790897379534195,0.4881239242685026,0.7060016855431179
dt,tree,16,0.3876936316695353,0.392874530058043,0.40988071401801224,0.3876936316695353,0.570074358153859
lr,var,16,0.4687894434882386,0.4059308331682317,0.40608943666109304,0.4687894434882386,0.693620247418534
nb,var,16,0.2580608146873207,0.2818777588663827,0.36227141437963317,0.2580608146873207,0.6148759180517993
knn,var,16,0.44492254733218595,0.42547029501441724,0.42526231369511824,0.44492254733218595,0.6400425458327282
rf,var,16,0.46890418818129653,0.44209369555597194,0.44058510482520186,0.46890418818129653,0.6849447243228262
dt,var,16,0.37326448651749855,0.3725989185016153,0.38687342494903076,0.37326448651749855,0.555512087634192
lr,lrs,16,0.4759896729776248,0.4101475769213718,0.4056025155917583,0.4759896729776248,0.7082861347340715
nb,lrs,16,0.2890705679862306,0.30813105781414907,0.39298546339155205,0.2890705679862306,0.6359058536676823
knn,lrs,16,0.4448078026391279,0.4292422478872472,0.43751338650716864,0.4448078026391279,0.6448343493823789
rf,lrs,16,0.49756167527251866,0.4737703806879436,0.49144794583795937,0.49756167527251866,0.6999872222477881
dt,lrs,16,0.38508318990246704,0.385177269514054,0.42062597981340943,0.38508318990246704,0.5689194911828117
lr,rfe,16,0.473522662076879,0.4001631378373551,0.3986080297751985,0.473522662076879,0.7062398853095575
nb,rfe,16,0.2890131956397016,0.3182095129730139,0.4201153403036685,0.2890131956397016,0.6354925536630552
knn,rfe,16,0.4473895582329317,0.4367761929704591,0.4403903356728927,0.4473895582329317,0.6462329855942477
rf,rfe,16,0.48792312105565117,0.45392863821342877,0.4468169426530716,0.48792312105565117,0.6975347371404722
dt,rfe,16,0.40183591508892713,0.39795431195769304,0.42872136594496624,0.40183591508892713,0.5772182893857342
lr,bor,16,0.4807228915662651,0.41433466887609594,0.41129305977629604,0.4807228915662651,0.7138377355053411
nb,bor,16,0.2840504876649455,0.30360971063683007,0.3767480654125445,0.2840504876649455,0.6328994624341459
knn,bor,16,0.4856282271944923,0.4651365811406573,0.46882928741750207,0.4856282271944923,0.6558291635255743
rf,bor,16,0.5000860585197935,0.4711720029079941,0.4795055376041815,0.5000860585197935,0.7020274099068586
dt,bor,16,0.40668387837062536,0.4046707439547208,0.4339534215287939,0.40668387837062536,0.5791939140555028
lr,lass,16,0.46394148020654036,0.39899414516250564,0.3951167115172017,0.46394148020654036,0.6947021490735279
nb,lass,16,0.25808950086058513,0.28340756111952137,0.36634082019874,0.25808950086058513,0.6208339204913453
knn,lass,16,0.43307515777395295,0.4225483777702241,0.4285705242888648,0.43307515777395295,0.6592198486901558
rf,lass,16,0.4498278829604131,0.4277331520964143,0.4317423676734019,0.4498278829604131,0.6989207619633216
dt,lass,16,0.38755020080321284,0.39336881678281577,0.4163478983315553,0.38755020080321284,0.5706094646228815
lr,muin,16,0.47587492828456684,0.4156407076631215,0.4131534794335999,0.47587492828456684,0.6987414013606638
nb,muin,16,0.2699942627653471,0.297476265299774,0.3858093033298374,0.2699942627653471,0.6237518815952269
knn,muin,16,0.4709982788296042,0.4547390814440223,0.4633777718759905,0.4709982788296042,0.6406576419938744
rf,muin,16,0.4782558806655192,0.44922137347616664,0.48899957583020354,0.4782558806655192,0.6836758127528766
dt,muin,16,0.358663224325875,0.3634305448542512,0.38163454332261926,0.358663224325875,0.5501265149576953
lr,chi,16,0.4736087205966724,0.4070967216358685,0.40042043136818145,0.4736087205966724,0.7018018238023603
nb,chi,16,0.2842799770510614,0.30589909722426534,0.3928839490486707,0.2842799770510614,0.6292990996575627
knn,chi,16,0.45206540447504306,0.43636536825347394,0.4385648083624016,0.45206540447504306,0.6305139410173257
rf,chi,16,0.4737521514629949,0.44597582379359296,0.46785590281308237,0.4737521514629949,0.6857182821355127
dt,chi,16,0.3779690189328743,0.38640040561600125,0.4130657276246179,0.3779690189328743,0.5663409713746556
lr,rfc,16,0.473522662076879,0.4001631378373551,0.3986080297751985,0.473522662076879,0.7062398853095575
nb,rfc,16,0.2890131956397016,0.3182095129730139,0.4201153403036685,0.2890131956397016,0.6354925536630552
knn,rfc,16,0.4473895582329317,0.4367761929704591,0.4403903356728927,0.4473895582329317,0.6462329855942477
rf,rfc,16,0.480895008605852,0.45847973497437466,0.4821497888225208,0.480895008605852,0.7067846132963208
dt,rfc,16,0.3802352266207688,0.38570552670236913,0.4045895093514461,0.3802352266207688,0.5664241157245049
lr,corr,17,0.4855421686746988,0.41897410571345084,0.4140261433066688,0.4855421686746988,0.7130978140089271
nb,corr,17,0.2961847389558233,0.32577348032883113,0.4219185330366674,0.2961847389558233,0.6348077307909886
knn,corr,17,0.4497705106138842,0.439982302386502,0.4438470386624351,0.4497705106138842,0.6450060186324547
rf,corr,17,0.49279977051061385,0.46112904137081506,0.4742064267206402,0.49279977051061385,0.6938025699246314
dt,corr,17,0.3802925989672977,0.38332686540225164,0.4023119950607338,0.3802925989672977,0.5631590290205277
lr,tree,17,0.46391279403327595,0.3898363923479512,0.3875009237228656,0.46391279403327595,0.6966674369684143
nb,tree,17,0.26996557659208265,0.29733091090929487,0.3840592821956623,0.26996557659208265,0.6294558208914527
knn,tree,17,0.44013195639701663,0.4274739312203885,0.4308335182980432,0.44013195639701663,0.6344814920668507
rf,tree,17,0.47125645438898456,0.43807277668733346,0.4426157979882442,0.47125645438898456,0.694764925925829
dt,tree,17,0.40195065978198513,0.39665366974519667,0.4162031076573324,0.40195065978198513,0.5733937558643548
lr,var,17,0.4831325301204819,0.4187426447516164,0.41183583527025275,0.4831325301204819,0.7021089147838189
nb,var,17,0.26285140562249,0.2886522660628676,0.3741716312526738,0.26285140562249,0.6227690653090979
knn,var,17,0.45444635685599544,0.4389695658401986,0.44379998614443467,0.45444635685599544,0.6348478651489688
rf,var,17,0.4975903614457831,0.4660306595959147,0.47222943584250876,0.4975903614457831,0.7006794332019664
dt,var,17,0.38993115318416527,0.39164949322983744,0.4219890750310034,0.38993115318416527,0.569300068907703
lr,lrs,17,0.4736087205966724,0.4068671536409485,0.40033040674822085,0.4736087205966724,0.7042905360623544
nb,lrs,17,0.2866896156052782,0.30533192467778664,0.38843329559826856,0.2866896156052782,0.6351559754254763
knn,lrs,17,0.45206540447504306,0.43916319633121814,0.442646915105378,0.45206540447504306,0.6371397800329187
rf,lrs,17,0.497705106138841,0.4674674032216883,0.4955044105527766,0.497705106138841,0.6924090402581324
dt,lrs,17,0.3970166379804934,0.39665385954758364,0.4255528027696559,0.3970166379804934,0.5728766919581342
lr,rfe,17,0.46391279403327595,0.3898363923479512,0.3875009237228656,0.46391279403327595,0.6966674369684143
nb,rfe,17,0.26996557659208265,0.29733091090929487,0.3840592821956623,0.26996557659208265,0.6294558208914527
knn,rfe,17,0.44013195639701663,0.4274739312203885,0.4308335182980432,0.44013195639701663,0.6344814920668507
rf,rfe,17,0.488095238095238,0.46034544973755515,0.47956278385497775,0.488095238095238,0.6972538511528523
dt,rfe,17,0.36107286288009177,0.3654250772519384,0.3849846771114258,0.36107286288009177,0.5497320388663328
lr,bor,17,0.4855421686746988,0.41897410571345084,0.4140261433066688,0.4855421686746988,0.7130978140089271
nb,bor,17,0.2961847389558233,0.32577348032883113,0.4219185330366674,0.2961847389558233,0.6348077307909886
knn,bor,17,0.4497705106138842,0.439982302386502,0.4438470386624351,0.4497705106138842,0.6450060186324547
rf,bor,17,0.5095811818703385,0.49208666974318593,0.5127167703631761,0.5095811818703385,0.6967455979945041
dt,bor,17,0.3683017785427424,0.37053351991297895,0.39301260760472023,0.3683017785427424,0.5565437797311583
lr,lass,17,0.4664084911072862,0.4055435931105606,0.41921703735171895,0.4664084911072862,0.6954499439945041
nb,lass,17,0.2557085484796328,0.2793360282696572,0.356751724971731,0.2557085484796328,0.6199449933393704
knn,lass,17,0.44724612736660924,0.4337226584573938,0.44118129314034976,0.44724612736660924,0.6451174153371556
rf,lass,17,0.46402753872633384,0.43271874685329675,0.4322776373834339,0.46402753872633384,0.6914595867592419
dt,lass,17,0.38273092369477907,0.3764452565571993,0.39100492722923114,0.38273092369477907,0.56560113760517
lr,muin,17,0.48075157773952953,0.41595932082352033,0.40694024705536797,0.48075157773952953,0.7061431150917479
nb,muin,17,0.28201376936316697,0.30847757809317616,0.398181874438136,0.28201376936316697,0.6297193607098539
knn,muin,17,0.43780837636259323,0.4233344078222648,0.4259192794006997,0.43780837636259323,0.6296307641972917
rf,muin,17,0.49036144578313257,0.4625840973092745,0.4786883671941686,0.49036144578313257,0.6985409587599213
dt,muin,17,0.37094090648307515,0.3682688370967789,0.3900248834519109,0.37094090648307515,0.5540857846223176
lr,chi,17,0.4736087205966724,0.4068671536409485,0.40033040674822085,0.4736087205966724,0.7042905360623544
nb,chi,17,0.2866896156052782,0.30533192467778664,0.38843329559826856,0.2866896156052782,0.6351559754254763
knn,chi,17,0.45206540447504306,0.43916319633121814,0.442646915105378,0.45206540447504306,0.6371397800329187
rf,chi,17,0.49764773379231214,0.46973193087248816,0.4855890326636196,0.49764773379231214,0.7078544194461225
dt,chi,17,0.39231210556511764,0.38987922099811817,0.41097377444922767,0.39231210556511764,0.5707269875269454
lr,rfc,17,0.4855421686746988,0.41897410571345084,0.4140261433066688,0.4855421686746988,0.7130978140089271
nb,rfc,17,0.2961847389558233,0.32577348032883113,0.4219185330366674,0.2961847389558233,0.6348077307909886
knn,rfc,17,0.4497705106138842,0.439982302386502,0.4438470386624351,0.4497705106138842,0.6450060186324547
rf,rfc,17,0.49067699368904194,0.4648896943856541,0.4767818311308486,0.49067699368904194,0.7071006139194196
dt,rfc,17,0.37794033275960986,0.3797540683193875,0.3919604285660088,0.37794033275960986,0.55982845104777
