model,fs_method,k,accuracy,fmeasure,precision,recall,roc
lr,nofs,13,0.8051412429378532,0.7833104732246083,0.8450480531780954,0.8051412429378532,0.9134672619047619
nb,nofs,13,0.7879661016949152,0.7682673009025651,0.8278997955679632,0.7879661016949152,0.8739500661375661
knn,nofs,13,0.8014689265536722,0.7938319603398991,0.8274285915596991,0.8014689265536722,0.8534928902116402
rf,nofs,13,0.7375706214689266,0.7067711054918268,0.7753403169837625,0.7375706214689266,0.843225033068783
dt,nofs,13,0.7070056497175141,0.6645485949671691,0.7870951893233415,0.7070056497175141,0.710681216931217
lr,corr,1,0.7580790960451977,0.7550172653831975,0.7633146029116145,0.7580790960451977,0.7679935515873018
nb,corr,1,0.7445197740112994,0.7400893557251533,0.7497298067557966,0.7445197740112994,0.7679935515873018
knn,corr,1,0.7212994350282486,0.6958943902836674,0.7234572061925447,0.7212994350282486,0.7257399140211641
rf,corr,1,0.7647457627118645,0.7635260365285884,0.7674419545081863,0.7647457627118645,0.7679935515873018
dt,corr,1,0.7647457627118645,0.7635260365285884,0.7674419545081863,0.7647457627118645,0.7679935515873018
lr,tree,1,0.7580790960451977,0.7550172653831975,0.7633146029116145,0.7580790960451977,0.7679935515873018
nb,tree,1,0.7445197740112994,0.7400893557251533,0.7497298067557966,0.7445197740112994,0.7679935515873018
knn,tree,1,0.7212994350282486,0.6958943902836674,0.7234572061925447,0.7212994350282486,0.7257399140211641
rf,tree,1,0.7647457627118645,0.7635260365285884,0.7674419545081863,0.7647457627118645,0.7679935515873018
dt,tree,1,0.7647457627118645,0.7635260365285884,0.7674419545081863,0.7647457627118645,0.7679935515873018
lr,var,1,0.5792090395480225,0.5783215130285819,0.5826063131558097,0.5792090395480225,0.585147982804233
nb,var,1,0.5792090395480225,0.5783215130285819,0.5826063131558097,0.5792090395480225,0.585147982804233
knn,var,1,0.5388135593220339,0.38313152171663595,0.3819748894106045,0.5388135593220339,0.52999751984127
rf,var,1,0.5792655367231638,0.5783017903665142,0.5833964487131301,0.5792655367231638,0.5848255621693121
dt,var,1,0.5792655367231638,0.5783017903665142,0.5833964487131301,0.5792655367231638,0.5848255621693121
lr,lrs,1,0.744180790960452,0.7385018925710533,0.7543453818505784,0.744180790960452,0.7530629960317461
nb,lrs,1,0.6899435028248588,0.6650009471806542,0.7138845722106973,0.6899435028248588,0.7530629960317461
knn,lrs,1,0.7238418079096045,0.7067606208049663,0.7494996829912084,0.7238418079096045,0.7494543650793651
rf,lrs,1,0.744180790960452,0.7385018925710533,0.7543453818505784,0.744180790960452,0.7505828373015874
dt,lrs,1,0.744180790960452,0.7385018925710533,0.7543453818505784,0.744180790960452,0.7505828373015874
lr,rfe,1,0.6870056497175142,0.6769470434487049,0.6916830141377324,0.6870056497175142,0.7465236441798941
nb,rfe,1,0.6871186440677967,0.6766332408164601,0.6922601890259686,0.6871186440677967,0.7465236441798941
knn,rfe,1,0.6598305084745764,0.6555603127685778,0.6616555144666763,0.6598305084745764,0.6701802248677249
rf,rfe,1,0.6025988700564973,0.6015954194907062,0.6027747273411659,0.6025988700564973,0.6330563822751323
dt,rfe,1,0.639774011299435,0.6334519719162536,0.6406864594761271,0.639774011299435,0.6105324074074074
lr,bor,1,0.5922598870056498,0.5475470482118272,0.5281107502666825,0.5922598870056498,0.6386367394179894
nb,bor,1,0.5346892655367231,0.481636188260899,0.5362824442656755,0.5346892655367231,0.6585028108465608
knn,bor,1,0.43067796610169495,0.38572821915930505,0.39541262920529907,0.43067796610169495,0.3868964947089947
rf,bor,1,0.4438983050847458,0.4089663688192525,0.42650916661852917,0.4438983050847458,0.338045634920635
dt,bor,1,0.4034463276836158,0.36227433318133956,0.3554168702205834,0.4034463276836158,0.34789186507936504
lr,lass,1,0.7580790960451977,0.7550172653831975,0.7633146029116145,0.7580790960451977,0.7679935515873018
nb,lass,1,0.7445197740112994,0.7400893557251533,0.7497298067557966,0.7445197740112994,0.7679935515873018
knn,lass,1,0.7212994350282486,0.6958943902836674,0.7234572061925447,0.7212994350282486,0.7257399140211641
rf,lass,1,0.7647457627118645,0.7635260365285884,0.7674419545081863,0.7647457627118645,0.7679935515873018
dt,lass,1,0.7647457627118645,0.7635260365285884,0.7674419545081863,0.7647457627118645,0.7679935515873018
lr,muin,1,0.7544632768361582,0.6875051368483821,0.6630878299781989,0.7544632768361582,0.8191964285714285
nb,muin,1,0.7544632768361582,0.6875051368483821,0.6630878299781989,0.7544632768361582,0.8191964285714285
knn,muin,1,0.4812429378531074,0.33891894718478666,0.27819461063301537,0.4812429378531074,0.615625
rf,muin,1,0.7544632768361582,0.6875051368483821,0.6630878299781989,0.7544632768361582,0.7834821428571429
dt,muin,1,0.7544632768361582,0.6875051368483821,0.6630878299781989,0.7544632768361582,0.7834821428571429
lr,chi,1,0.7580790960451977,0.7550172653831975,0.7633146029116145,0.7580790960451977,0.7679935515873018
nb,chi,1,0.7445197740112994,0.7400893557251533,0.7497298067557966,0.7445197740112994,0.7679935515873018
knn,chi,1,0.7212994350282486,0.6958943902836674,0.7234572061925447,0.7212994350282486,0.7257399140211641
rf,chi,1,0.7647457627118645,0.7635260365285884,0.7674419545081863,0.7647457627118645,0.7679935515873018
dt,chi,1,0.7647457627118645,0.7635260365285884,0.7674419545081863,0.7647457627118645,0.7679935515873018
lr,rfc,1,0.7580790960451977,0.7550172653831975,0.7633146029116145,0.7580790960451977,0.7679935515873018
nb,rfc,1,0.7445197740112994,0.7400893557251533,0.7497298067557966,0.7445197740112994,0.7679935515873018
knn,rfc,1,0.7212994350282486,0.6958943902836674,0.7234572061925447,0.7212994350282486,0.7257399140211641
rf,rfc,1,0.7647457627118645,0.7635260365285884,0.7674419545081863,0.7647457627118645,0.7679935515873018
dt,rfc,1,0.7647457627118645,0.7635260365285884,0.7674419545081863,0.7647457627118645,0.7679935515873018
lr,corr,2,0.791412429378531,0.7913424480807135,0.7952748530774617,0.791412429378531,0.8543402777777777
nb,corr,2,0.791412429378531,0.7913424480807135,0.7952748530774617,0.791412429378531,0.842609126984127
knn,corr,2,0.7506214689265537,0.7386471735859896,0.7734551561775422,0.7506214689265537,0.8468088624338623
rf,corr,2,0.747457627118644,0.7360618377642602,0.7685837777217518,0.747457627118644,0.8458333333333334
dt,corr,2,0.7341242937853107,0.7216090138996716,0.7571763703143444,0.7341242937853107,0.845023148148148
lr,tree,2,0.791412429378531,0.7913424480807135,0.7952748530774617,0.791412429378531,0.8543402777777777
nb,tree,2,0.791412429378531,0.7913424480807135,0.7952748530774617,0.791412429378531,0.842609126984127
knn,tree,2,0.7506214689265537,0.7386471735859896,0.7734551561775422,0.7506214689265537,0.8468088624338623
rf,tree,2,0.747457627118644,0.7360618377642602,0.7685837777217518,0.747457627118644,0.8451388888888889
dt,tree,2,0.7341242937853107,0.7216090138996716,0.7571763703143444,0.7341242937853107,0.845023148148148
lr,var,2,0.7036158192090396,0.6344018026628288,0.6304001786464799,0.7036158192090396,0.8296709656084656
nb,var,2,0.6732768361581922,0.6031850326382391,0.6064845959057962,0.6732768361581922,0.8296709656084656
knn,var,2,0.5219209039548022,0.4312700079014123,0.46439314236205503,0.5219209039548022,0.6030505952380952
rf,var,2,0.7544632768361582,0.6875051368483821,0.6630878299781989,0.7544632768361582,0.7939897486772487
dt,var,2,0.7544632768361582,0.6875051368483821,0.6630878299781989,0.7544632768361582,0.798900462962963
lr,lrs,2,0.7274011299435028,0.7151333436867414,0.7441296741590259,0.7274011299435028,0.8309813161375661
nb,lrs,2,0.7510734463276837,0.7418684441434772,0.7555015018240858,0.7510734463276837,0.8239293981481481
knn,lrs,2,0.7103389830508474,0.7057055149479194,0.7118751517026717,0.7103389830508474,0.750062003968254
rf,lrs,2,0.6632768361581921,0.6619584677862769,0.665176080089444,0.6632768361581921,0.7205935846560847
dt,lrs,2,0.6633898305084746,0.6593011105445965,0.6662340435906313,0.6633898305084746,0.6543609457671958
lr,rfe,2,0.6802259887005649,0.668422518911383,0.6797658247400324,0.6802259887005649,0.7215195105820106
nb,rfe,2,0.6699435028248588,0.6567491030223944,0.6640840444779155,0.6699435028248588,0.7079034391534391
knn,rfe,2,0.5992655367231638,0.5795263704700518,0.6039819291915635,0.5992655367231638,0.6325851521164021
rf,rfe,2,0.5146892655367232,0.4902339094898963,0.5059577288493514,0.5146892655367232,0.5392113095238095
dt,rfe,2,0.4876271186440677,0.46994217585779136,0.4730212707165927,0.4876271186440677,0.48356894841269843
lr,bor,2,0.7342372881355932,0.6673962634181486,0.6425646475917609,0.7342372881355932,0.7450810185185185
nb,bor,2,0.6562146892655367,0.6129146933119276,0.65245363553215,0.6562146892655367,0.7479828042328043
knn,bor,2,0.3459322033898305,0.24382393813453246,0.18931173448883393,0.3459322033898305,0.230150462962963
rf,bor,2,0.33937853107344634,0.2663924667826034,0.22932620322620698,0.33937853107344634,0.15852761243386243
dt,bor,2,0.31949152542372883,0.26314111284629077,0.33331075621264156,0.31949152542372883,0.25310019841269843
lr,lass,2,0.791412429378531,0.7913424480807135,0.7952748530774617,0.791412429378531,0.8543402777777777
nb,lass,2,0.791412429378531,0.7913424480807135,0.7952748530774617,0.791412429378531,0.842609126984127
knn,lass,2,0.7506214689265537,0.7386471735859896,0.7734551561775422,0.7506214689265537,0.8468088624338623
rf,lass,2,0.7813559322033898,0.7810693880757124,0.7852398119500692,0.7813559322033898,0.8460648148148149
dt,lass,2,0.7341242937853107,0.7216090138996716,0.7571763703143444,0.7341242937853107,0.845023148148148
lr,muin,2,0.791412429378531,0.7913424480807135,0.7952748530774617,0.791412429378531,0.8543402777777777
nb,muin,2,0.791412429378531,0.7913424480807135,0.7952748530774617,0.791412429378531,0.842609126984127
knn,muin,2,0.7506214689265537,0.7386471735859896,0.7734551561775422,0.7506214689265537,0.8468088624338623
rf,muin,2,0.747457627118644,0.7360618377642602,0.7685837777217518,0.747457627118644,0.8453703703703704
dt,muin,2,0.7341242937853107,0.7216090138996716,0.7571763703143444,0.7341242937853107,0.845023148148148
lr,chi,2,0.791412429378531,0.7913424480807135,0.7952748530774617,0.791412429378531,0.8543402777777777
nb,chi,2,0.791412429378531,0.7913424480807135,0.7952748530774617,0.791412429378531,0.842609126984127
knn,chi,2,0.7506214689265537,0.7386471735859896,0.7734551561775422,0.7506214689265537,0.8468088624338623
rf,chi,2,0.747457627118644,0.7360618377642602,0.7685837777217518,0.747457627118644,0.8453703703703704
dt,chi,2,0.7341242937853107,0.7216090138996716,0.7571763703143444,0.7341242937853107,0.845023148148148
lr,rfc,2,0.7274011299435028,0.7151333436867414,0.7441296741590259,0.7274011299435028,0.8309813161375661
nb,rfc,2,0.7510734463276837,0.7418684441434772,0.7555015018240858,0.7510734463276837,0.8239293981481481
knn,rfc,2,0.7103389830508474,0.7057055149479194,0.7118751517026717,0.7103389830508474,0.750062003968254
rf,rfc,2,0.6734463276836158,0.6709308902995975,0.6761785671562502,0.6734463276836158,0.7249007936507936
dt,rfc,2,0.6633898305084746,0.6594065545811504,0.6667639481298872,0.6633898305084746,0.6526248346560847
lr,corr,3,0.7948022598870057,0.7933124427859614,0.8051871110865239,0.7948022598870057,0.8745494378306878
nb,corr,3,0.7812429378531074,0.7795502190466506,0.789069190834064,0.7812429378531074,0.8637276785714285
knn,corr,3,0.7814124293785312,0.7777012321744101,0.7918445342323468,0.7814124293785312,0.8634755291005292
rf,corr,3,0.7480225988700566,0.7436362583102653,0.7570795100822088,0.7480225988700566,0.8419766865079366
dt,corr,3,0.7681355932203389,0.762647376530695,0.7775452710507816,0.7681355932203389,0.7863095238095237
lr,tree,3,0.7883615819209039,0.7629503105154194,0.8385873045300187,0.7883615819209039,0.8953331679894179
nb,tree,3,0.7782485875706214,0.749382096032577,0.8292418383742077,0.7782485875706214,0.88515625
knn,tree,3,0.7137853107344634,0.665107144007345,0.7609089046994866,0.7137853107344634,0.8285755621693122
rf,tree,3,0.7138418079096046,0.661204501738949,0.765378921615387,0.7138418079096046,0.8463996362433862
dt,tree,3,0.7105084745762713,0.657664327359338,0.7629456823400425,0.7105084745762713,0.8395419973544975
lr,var,3,0.7007909604519773,0.6600331311606182,0.6785253116466312,0.7007909604519773,0.8719618055555556
nb,var,3,0.7007909604519773,0.6600331311606182,0.6785253116466312,0.7007909604519773,0.8861813822751323
knn,var,3,0.7072316384180792,0.6406230433779844,0.6120205573056066,0.7072316384180792,0.7752480158730158
rf,var,3,0.6536158192090396,0.5875920333709937,0.5635334035718261,0.6536158192090396,0.8244295634920636
dt,var,3,0.666949152542373,0.6018979634406421,0.6624212207996993,0.666949152542373,0.7933077050264551
lr,lrs,3,0.7341242937853107,0.7211307684316908,0.7510482616685088,0.7341242937853107,0.8308531746031745
nb,lrs,3,0.7611299435028249,0.7538236895125073,0.7676053940667422,0.7611299435028249,0.8217427248677248
knn,lrs,3,0.7136158192090395,0.7087190032179915,0.7242523866258743,0.7136158192090395,0.7627232142857144
rf,lrs,3,0.6700000000000002,0.6658155163065704,0.6729252485806597,0.6700000000000002,0.7502686838624338
dt,lrs,3,0.6564406779661017,0.6524023181200798,0.6601081499429486,0.6564406779661017,0.6503472222222223
lr,rfe,3,0.7342372881355932,0.7289579849585608,0.7403222262782385,0.7342372881355932,0.7914930555555555
nb,rfe,3,0.7138983050847457,0.7081667918916172,0.719122044849667,0.7138983050847457,0.7807705026455026
knn,rfe,3,0.7102824858757062,0.7083705859702262,0.710939542240977,0.7102824858757062,0.7379174933862434
rf,rfe,3,0.6868926553672317,0.6844651796385676,0.6887512318297383,0.6868926553672317,0.744849537037037
dt,rfe,3,0.639774011299435,0.6387278778528245,0.6412147194264001,0.639774011299435,0.6375496031746032
lr,bor,3,0.7105649717514124,0.6432818472262192,0.6257076199478552,0.7105649717514124,0.7674603174603174
nb,bor,3,0.6698870056497175,0.6343256659813342,0.6474875978238209,0.6698870056497175,0.7461722883597883
knn,bor,3,0.48768361581920905,0.41052167067408885,0.39415607868246416,0.48768361581920905,0.5135788690476191
rf,bor,3,0.39672316384180795,0.31035038401975135,0.27459148289642404,0.39672316384180795,0.29194775132275125
dt,bor,3,0.3261016949152542,0.25127557536809086,0.21533283912761075,0.3261016949152542,0.3323123346560846
lr,lass,3,0.8015819209039547,0.7971317199258416,0.8104297018579603,0.8015819209039547,0.8765625
nb,lass,3,0.777909604519774,0.7771180630061002,0.7814560920107441,0.777909604519774,0.8543981481481481
knn,lass,3,0.771412429378531,0.7672164436663896,0.7781975837379604,0.771412429378531,0.8282738095238095
rf,lass,3,0.8251977401129944,0.8203128482507388,0.8345147877786087,0.8251977401129944,0.861421130952381
dt,lass,3,0.8251977401129944,0.8203128482507388,0.8345147877786087,0.8251977401129944,0.8570064484126985
lr,muin,3,0.7883615819209039,0.7629503105154194,0.8385873045300187,0.7883615819209039,0.8953331679894179
nb,muin,3,0.7782485875706214,0.749382096032577,0.8292418383742077,0.7782485875706214,0.88515625
knn,muin,3,0.7137853107344634,0.665107144007345,0.7609089046994866,0.7137853107344634,0.8285755621693122
rf,muin,3,0.7138418079096046,0.661204501738949,0.765378921615387,0.7138418079096046,0.8486152447089947
dt,muin,3,0.7105084745762713,0.657664327359338,0.7629456823400425,0.7105084745762713,0.8395419973544975
lr,chi,3,0.8015819209039547,0.7971317199258416,0.8104297018579603,0.8015819209039547,0.8765625
nb,chi,3,0.777909604519774,0.7771180630061002,0.7814560920107441,0.777909604519774,0.8543981481481481
knn,chi,3,0.771412429378531,0.7672164436663896,0.7781975837379604,0.771412429378531,0.8282738095238095
rf,chi,3,0.8285875706214689,0.824541196431082,0.8357699850730567,0.8285875706214689,0.8594411375661377
dt,chi,3,0.8251977401129944,0.8203128482507388,0.8345147877786087,0.8251977401129944,0.8570064484126985
lr,rfc,3,0.7476836158192091,0.7184721728125133,0.7981822364995186,0.7476836158192091,0.8704447751322751
nb,rfc,3,0.7747457627118643,0.7460424037217923,0.8213151835609462,0.7747457627118643,0.8575810185185185
knn,rfc,3,0.6798870056497176,0.6170214633599695,0.6750953212382484,0.6798870056497176,0.7939442791005291
rf,rfc,3,0.6832768361581921,0.6311225345930372,0.7320140549268253,0.6832768361581921,0.7573082010582011
dt,rfc,3,0.6328248587570622,0.589453882194093,0.671315926565444,0.6328248587570622,0.6622478505291005
lr,corr,4,0.8148022598870057,0.8126272712742526,0.8227765237959881,0.8148022598870057,0.8937913359788361
nb,corr,4,0.8215819209039548,0.8204503629881896,0.8265297470214976,0.8215819209039548,0.8813988095238094
knn,corr,4,0.7814124293785311,0.777859750195104,0.7891548276897462,0.7814124293785311,0.8325272817460316
rf,corr,4,0.7477401129943503,0.7462480920117562,0.7519299650976484,0.7477401129943503,0.8280133928571429
dt,corr,4,0.7276271186440677,0.7244089844980353,0.7318548784692192,0.7276271186440677,0.7142526455026454
lr,tree,4,0.798361581920904,0.779009842391123,0.842716148644015,0.798361581920904,0.8988425925925926
nb,tree,4,0.778135593220339,0.749160342188,0.8306662977176437,0.778135593220339,0.8932291666666667
knn,tree,4,0.7002824858757062,0.6404543115165588,0.6976768033296218,0.7002824858757062,0.8236524470899471
rf,tree,4,0.7272881355932204,0.6905700426639321,0.7957842749625297,0.7272881355932204,0.7966931216931217
dt,tree,4,0.6835028248587571,0.6376223947745338,0.737471732918607,0.6835028248587571,0.6890914351851851
lr,var,4,0.7983050847457627,0.7791527255075306,0.8396321989344215,0.7983050847457627,0.8979786706349208
nb,var,4,0.7748587570621469,0.7462323677919798,0.8206353425906224,0.7748587570621469,0.8916873346560846
knn,var,4,0.7678531073446327,0.7458972222164877,0.8301481547515681,0.7678531073446327,0.8508639219576718
rf,var,4,0.7103954802259888,0.6567550980817533,0.70065062700643,0.7103954802259888,0.8402364417989417
dt,var,4,0.7171186440677967,0.6778864936956226,0.7497130503372704,0.7171186440677967,0.8181175595238095
lr,lrs,4,0.7576836158192091,0.7455415163619221,0.7743175622711955,0.7576836158192091,0.8522734788359788
nb,lrs,4,0.7610169491525424,0.756999834854973,0.7692828702553456,0.7610169491525424,0.837756283068783
knn,lrs,4,0.717231638418079,0.711992849493994,0.7279825834273527,0.717231638418079,0.7916501322751321
rf,lrs,4,0.7342937853107345,0.7312341944191691,0.7404400660569861,0.7342937853107345,0.8079654431216932
dt,lrs,4,0.6631073446327684,0.6549180886517709,0.6712171393627983,0.6631073446327684,0.6588955026455026
lr,rfe,4,0.7716384180790962,0.768875940988976,0.7763341737615025,0.7716384180790962,0.849785052910053
nb,rfe,4,0.7509039548022599,0.7469453519312936,0.756920815985066,0.7509039548022599,0.8250992063492063
knn,rfe,4,0.7276271186440678,0.7240108707701594,0.7300914237955801,0.7276271186440678,0.8087880291005292
rf,rfe,4,0.6972881355932203,0.6925282773482868,0.699998609260623,0.6972881355932203,0.7843460648148148
dt,rfe,4,0.6537853107344633,0.6515037016778085,0.6607478184203159,0.6537853107344633,0.6543650793650794
lr,bor,4,0.7106779661016949,0.6438239451405092,0.6223319483778333,0.7106779661016949,0.7686094576719577
nb,bor,4,0.6496610169491526,0.6128920324805426,0.6277499848475009,0.6496610169491526,0.7376074735449735
knn,bor,4,0.5483050847457627,0.4674573782185297,0.46355806574966085,0.5483050847457627,0.5829323743386243
rf,bor,4,0.5388700564971751,0.44935793494190135,0.4457165583190017,0.5388700564971751,0.42965443121693114
dt,bor,4,0.42706214689265537,0.331566535596587,0.48285899882914735,0.42706214689265537,0.4354332010582011
lr,lass,4,0.818361581920904,0.8138771625170325,0.8266664492967241,0.818361581920904,0.8846147486772488
nb,lass,4,0.8046892655367233,0.8033091531746741,0.8112512637687918,0.8046892655367233,0.8728422619047619
knn,lass,4,0.7949717514124294,0.7911667488030044,0.8017039949656942,0.7949717514124294,0.8422371031746032
rf,lass,4,0.7342372881355932,0.7326738583616101,0.7362597026039932,0.7342372881355932,0.8208829365079364
dt,lass,4,0.7075141242937852,0.7037565354504075,0.7090067500892319,0.7075141242937852,0.7122271825396826
lr,muin,4,0.798361581920904,0.779009842391123,0.842716148644015,0.798361581920904,0.8988425925925926
nb,muin,4,0.778135593220339,0.749160342188,0.8306662977176437,0.778135593220339,0.8932291666666667
knn,muin,4,0.7036158192090396,0.6437141337063043,0.7020813784893456,0.7036158192090396,0.8217551256613757
rf,muin,4,0.7306779661016949,0.6958907680267362,0.7988797657558946,0.7306779661016949,0.7983630952380952
dt,muin,4,0.6868926553672317,0.6410339229759678,0.7393891534944239,0.6868926553672317,0.6915219907407406
lr,chi,4,0.7814124293785311,0.7589421514911336,0.8283824449842058,0.7814124293785311,0.9015790343915345
nb,chi,4,0.7849152542372881,0.7556245863521982,0.8395944699346775,0.7849152542372881,0.8889054232804234
knn,chi,4,0.7103389830508474,0.6804126580841758,0.7367084644418075,0.7103389830508474,0.8038566468253968
rf,chi,4,0.7171751412429378,0.6765189197688959,0.7504850752781443,0.7171751412429378,0.7955605158730159
dt,chi,4,0.7003954802259887,0.6614220889477542,0.7381279246657999,0.7003954802259887,0.772676917989418
lr,rfc,4,0.798361581920904,0.779009842391123,0.842716148644015,0.798361581920904,0.8988425925925926
nb,rfc,4,0.778135593220339,0.749160342188,0.8306662977176437,0.778135593220339,0.8932291666666667
knn,rfc,4,0.7036158192090396,0.6437141337063043,0.7020813784893456,0.7036158192090396,0.8217551256613757
rf,rfc,4,0.7307344632768361,0.692819903850264,0.8015601416199842,0.7307344632768361,0.7951306216931217
dt,rfc,4,0.6868926553672317,0.6410064599442251,0.7403901042414202,0.6868926553672317,0.6922164351851852
lr,corr,5,0.8151412429378532,0.8122497916134425,0.8205058626511939,0.8151412429378532,0.8876570767195766
nb,corr,5,0.8150282485875706,0.8134400712900556,0.8173643044668084,0.8150282485875706,0.8776703042328042
knn,corr,5,0.7949152542372881,0.7913733095351081,0.801064797058124,0.7949152542372881,0.850020667989418
rf,corr,5,0.7476836158192091,0.7442382366393783,0.7586289346246973,0.7476836158192091,0.8414806547619047
dt,corr,5,0.7072881355932203,0.7051979498499948,0.7111140935228295,0.7072881355932203,0.7032366071428571
lr,tree,5,0.8050847457627117,0.7831641756347458,0.8473178819626149,0.8050847457627117,0.9036541005291004
nb,tree,5,0.7881355932203389,0.7591316572795807,0.8400271388477604,0.7881355932203389,0.8913938492063492
knn,tree,5,0.7135593220338984,0.681965895150846,0.7512293882744463,0.7135593220338984,0.8239872685185186
rf,tree,5,0.7306214689265537,0.6927368520100744,0.785758343008111,0.7306214689265537,0.8194155092592593
dt,tree,5,0.7037853107344633,0.6659927929490654,0.7594024460861812,0.7037853107344633,0.7029431216931217
lr,var,5,0.805141242937853,0.7858596378323854,0.8479544861575029,0.805141242937853,0.9086516203703704
nb,var,5,0.7646327683615819,0.7348926000920442,0.8189709917068353,0.7646327683615819,0.895159556878307
knn,var,5,0.8116949152542372,0.8006305516392433,0.8478424982855083,0.8116949152542372,0.8722180886243386
rf,var,5,0.7744067796610168,0.7551526686010268,0.8241617484170677,0.7744067796610168,0.881650958994709
dt,var,5,0.7542372881355932,0.7313138987026718,0.8056670826825861,0.7542372881355932,0.791765873015873
lr,lrs,5,0.8012994350282486,0.7951745755669057,0.8155951035502417,0.8012994350282486,0.8707258597883598
nb,lrs,5,0.797909604519774,0.7942444978697134,0.8059773683435545,0.797909604519774,0.8555638227513226
knn,lrs,5,0.7577401129943503,0.7539946433725834,0.7699649333229239,0.7577401129943503,0.808974041005291
rf,lrs,5,0.7710734463276836,0.7686986913047318,0.776284378937798,0.7710734463276836,0.8321015211640213
dt,lrs,5,0.7037853107344632,0.7009655538640991,0.7058199745035848,0.7037853107344632,0.6992890211640211
lr,rfe,5,0.7881920903954802,0.7595611005014459,0.8334375929712501,0.7881920903954802,0.8803075396825397
nb,rfe,5,0.7542937853107345,0.726886940424299,0.7973932027061191,0.7542937853107345,0.825975529100529
knn,rfe,5,0.6732768361581921,0.6133321317185225,0.6699481132480185,0.6732768361581921,0.7513516865079365
rf,rfe,5,0.6334463276836158,0.5627325363874756,0.6487562951681652,0.6334463276836158,0.7322048611111112
dt,rfe,5,0.583050847457627,0.5232012109742092,0.65278823075118,0.583050847457627,0.5858630952380952
lr,bor,5,0.7309604519774011,0.6756442360890282,0.7174260791522296,0.7309604519774011,0.8141617063492064
nb,bor,5,0.6667796610169491,0.6333772775346406,0.6275926872603366,0.6667796610169491,0.7671875
knn,bor,5,0.5922598870056498,0.5186766411716474,0.5004207141972838,0.5922598870056498,0.6160383597883597
rf,bor,5,0.5825423728813559,0.4982484475742224,0.5204518461042449,0.5825423728813559,0.5756613756613757
dt,bor,5,0.552542372881356,0.47966758163707546,0.6396084630599909,0.552542372881356,0.5490079365079366
lr,lass,5,0.8050847457627117,0.7831641756347458,0.8473178819626149,0.8050847457627117,0.9036541005291004
nb,lass,5,0.7881355932203389,0.7591316572795807,0.8400271388477604,0.7881355932203389,0.8913938492063492
knn,lass,5,0.7101694915254237,0.6797415455210876,0.7453622911531119,0.7101694915254237,0.8176628637566136
rf,lass,5,0.7237853107344633,0.6890571815104187,0.77710056960519,0.7237853107344633,0.8266741071428572
dt,lass,5,0.7071186440677966,0.6692954941465036,0.7625837586557029,0.7071186440677966,0.7060681216931217
lr,muin,5,0.8017514124293786,0.7825400930304164,0.8436015405930952,0.8017514124293786,0.9104745370370371
nb,muin,5,0.7881920903954802,0.7662734759235685,0.8316696201194149,0.7881920903954802,0.8959408068783068
knn,muin,5,0.7105084745762713,0.6549976823719733,0.8104096495333698,0.7105084745762713,0.8425967261904763
rf,muin,5,0.7172881355932204,0.6764867370498673,0.7696801395688799,0.7172881355932204,0.8546337632275133
dt,muin,5,0.6935593220338983,0.6525191138605404,0.7188640121151386,0.6935593220338983,0.6945271164021163
lr,chi,5,0.7849152542372881,0.7599099634304215,0.8275816382834125,0.7849152542372881,0.9071511243386243
nb,chi,5,0.7882485875706214,0.7590585763350229,0.8427453925660753,0.7882485875706214,0.889657738095238
knn,chi,5,0.8118079096045197,0.7980591508076714,0.8568931884233552,0.8118079096045197,0.8645709325396826
rf,chi,5,0.7542937853107344,0.7302052961267729,0.802558174973411,0.7542937853107344,0.8329902447089947
dt,chi,5,0.7407344632768361,0.7227371444320061,0.7768549736283693,0.7407344632768361,0.760710152116402
lr,rfc,5,0.8017514124293786,0.7825400930304164,0.8436015405930952,0.8017514124293786,0.9104745370370371
nb,rfc,5,0.7881920903954802,0.7662734759235685,0.8316696201194149,0.7881920903954802,0.8959408068783068
knn,rfc,5,0.7105084745762713,0.6549976823719733,0.8104096495333698,0.7105084745762713,0.8424809854497355
rf,rfc,5,0.72045197740113,0.6699949297536103,0.785811277799795,0.72045197740113,0.8336598875661375
dt,rfc,5,0.7036723163841808,0.6688116335890608,0.7322457668345288,0.7036723163841808,0.7036375661375661
lr,corr,6,0.8017514124293786,0.7798971433165578,0.8437532450736731,0.8017514124293786,0.9086392195767197
nb,corr,6,0.8084180790960451,0.7866097627181052,0.8493856725192594,0.8084180790960451,0.893915343915344
knn,corr,6,0.7204519774011299,0.6869343639234273,0.7511135466931288,0.7204519774011299,0.8257647156084655
rf,corr,6,0.737457627118644,0.7007947968568826,0.7828067372486601,0.737457627118644,0.8507399140211639
dt,corr,6,0.7002824858757062,0.6682054794427044,0.7187603360547058,0.7002824858757062,0.7003802910052911
lr,tree,6,0.8017514124293786,0.7798971433165578,0.8437532450736731,0.8017514124293786,0.9086392195767197
nb,tree,6,0.8084180790960451,0.7866097627181052,0.8493856725192594,0.8084180790960451,0.893915343915344
knn,tree,6,0.7204519774011299,0.6869343639234273,0.7511135466931288,0.7204519774011299,0.8261119378306878
rf,tree,6,0.7272881355932204,0.6846279226270178,0.7962248155117823,0.7272881355932204,0.8358878968253969
dt,tree,6,0.7070056497175141,0.6748900417387368,0.7259613546175011,0.7070056497175141,0.7072089947089947
lr,var,6,0.798361581920904,0.776530690949521,0.8394178354040644,0.798361581920904,0.9070519179894181
nb,var,6,0.7916949152542372,0.7628740402240302,0.8423870668938047,0.7916949152542372,0.8922453703703704
knn,var,6,0.8014689265536722,0.7894487304476693,0.8420956301691251,0.8014689265536722,0.8666459986772486
rf,var,6,0.791412429378531,0.7712001958229221,0.8386694046492714,0.791412429378531,0.8497643849206348
dt,var,6,0.7507909604519774,0.7310682604679735,0.7880624160035321,0.7507909604519774,0.7533151455026454
lr,lrs,6,0.7814689265536723,0.7780893421607968,0.7857176620940501,0.7814689265536723,0.8682208994708993
nb,lrs,6,0.7948022598870056,0.7938382389394869,0.797716974013954,0.7948022598870056,0.8629960317460317
knn,lrs,6,0.7575706214689265,0.7523690674684727,0.7647431939943921,0.7575706214689265,0.8381737764550264
rf,lrs,6,0.8014689265536724,0.8004941138462355,0.8031986616323261,0.8014689265536724,0.8624669312169313
dt,lrs,6,0.7540677966101694,0.7541249975459658,0.7565720840388052,0.7540677966101694,0.7546296296296295
lr,rfe,6,0.805141242937853,0.7859649907510475,0.8459416792679797,0.805141242937853,0.9094576719576718
nb,rfe,6,0.7644632768361582,0.741805087983939,0.8070888783938507,0.7644632768361582,0.8601107804232804
knn,rfe,6,0.7103954802259888,0.6541357733430888,0.7022261536162815,0.7103954802259888,0.8073578042328042
rf,rfe,6,0.6903954802259887,0.6294475063130561,0.6888475801810136,0.6903954802259887,0.7983878968253968
dt,rfe,6,0.6333898305084745,0.565380389099231,0.7011301933917278,0.6333898305084745,0.6321593915343915
lr,bor,6,0.6937853107344634,0.6505827967134399,0.6554415647410172,0.6937853107344634,0.8431712962962962
nb,bor,6,0.6836158192090396,0.6535736564672545,0.7339938413748615,0.6836158192090396,0.7988260582010581
knn,bor,6,0.6125988700564972,0.5403135102536177,0.5269573610820302,0.6125988700564972,0.6786747685185185
rf,bor,6,0.6233333333333333,0.5430736471642942,0.547123266892305,0.6233333333333333,0.6872106481481481
dt,bor,6,0.5250847457627119,0.4635801332614755,0.47814435355616747,0.5250847457627119,0.5236607142857143
lr,lass,6,0.8017514124293786,0.7798971433165578,0.8437532450736731,0.8017514124293786,0.9086392195767197
nb,lass,6,0.8084180790960451,0.7866097627181052,0.8493856725192594,0.8084180790960451,0.893915343915344
knn,lass,6,0.7204519774011299,0.6869343639234273,0.7511135466931288,0.7204519774011299,0.8257647156084655
rf,lass,6,0.7374011299435028,0.7044679140897696,0.7818694633962623,0.7374011299435028,0.8499627976190476
dt,lass,6,0.700225988700565,0.6678548862844204,0.7217073121033888,0.700225988700565,0.7005125661375661
lr,muin,6,0.791638418079096,0.7697487554803817,0.83294951417605,0.791638418079096,0.9131283068783069
nb,muin,6,0.794915254237288,0.7728505092258038,0.8393091691817587,0.794915254237288,0.8924107142857143
knn,muin,6,0.7676271186440677,0.7535448718036817,0.8061955602305959,0.7676271186440677,0.8449280753968255
rf,muin,6,0.7441242937853108,0.7145876680725557,0.810609182660202,0.7441242937853108,0.8367931547619047
dt,muin,6,0.7203954802259888,0.7041935317851428,0.7490539648904211,0.7203954802259888,0.7316757605820106
lr,chi,6,0.791638418079096,0.7697487554803817,0.83294951417605,0.791638418079096,0.9131283068783069
nb,chi,6,0.794915254237288,0.7728505092258038,0.8393091691817587,0.794915254237288,0.8924107142857143
knn,chi,6,0.7710169491525423,0.7569502877397813,0.8086866755941827,0.7710169491525423,0.8523024140211641
rf,chi,6,0.7406214689265537,0.7103073407694153,0.7948234687003438,0.7406214689265537,0.8365327380952381
dt,chi,6,0.7170056497175141,0.698899949917733,0.746631499069567,0.7170056497175141,0.7277405753968254
lr,rfc,6,0.805141242937853,0.7859649907510475,0.8459416792679797,0.805141242937853,0.9094576719576718
nb,rfc,6,0.7644632768361582,0.741805087983939,0.8070888783938507,0.7644632768361582,0.8601107804232804
knn,rfc,6,0.7103954802259888,0.6541357733430888,0.7022261536162815,0.7103954802259888,0.8073578042328042
rf,rfc,6,0.69045197740113,0.6289321133758403,0.6909354441851344,0.69045197740113,0.8151992394179894
dt,rfc,6,0.6435028248587571,0.5788064732700334,0.7245636969913007,0.6435028248587571,0.6425595238095237
lr,corr,7,0.7984180790960452,0.7764464044689,0.8392148560813684,0.7984180790960452,0.911276455026455
nb,corr,7,0.7948587570621468,0.773062207231858,0.8357945031792591,0.7948587570621468,0.8922784391534393
knn,corr,7,0.7879096045197741,0.7781420348623942,0.8203421510611802,0.7879096045197741,0.868307705026455
rf,corr,7,0.7576836158192091,0.7218246892519923,0.841937459969842,0.7576836158192091,0.8641947751322752
dt,corr,7,0.7405649717514124,0.7290187744807397,0.7698670786591626,0.7405649717514124,0.7406911375661375
lr,tree,7,0.8017514124293786,0.779875843424241,0.8429626975996166,0.8017514124293786,0.9069609788359788
nb,tree,7,0.7914689265536723,0.7692946778400003,0.8328548644731784,0.7914689265536723,0.8694527116402118
knn,tree,7,0.723728813559322,0.695665793398861,0.7562709382314157,0.723728813559322,0.8148189484126984
rf,tree,7,0.713954802259887,0.6614649772067479,0.8130118223233207,0.713954802259887,0.8311797288359788
dt,tree,7,0.6401694915254237,0.5762549255161422,0.7155814697531395,0.6401694915254237,0.6388558201058201
lr,var,7,0.805141242937853,0.7831193262614404,0.8483207481500153,0.805141242937853,0.9083085317460318
nb,var,7,0.7746892655367231,0.7456359267706286,0.8273362088633276,0.7746892655367231,0.8948660714285713
knn,var,7,0.8116384180790959,0.8007682708439999,0.8458621766834284,0.8116384180790959,0.8759507275132276
rf,var,7,0.7744632768361581,0.7552346989723334,0.8239233354061428,0.7744632768361581,0.8774098875661375
dt,var,7,0.7407344632768361,0.7225336639618116,0.7653723820305937,0.7407344632768361,0.7497974537037037
lr,lrs,7,0.8250847457627118,0.8220755456258457,0.8327772748919351,0.8250847457627118,0.8884672619047619
nb,lrs,7,0.8115254237288136,0.8112491917884059,0.8147098497359812,0.8115254237288136,0.8833746693121693
knn,lrs,7,0.7912994350282485,0.7885986426546655,0.7983286069686224,0.7912994350282485,0.8755911044973544
rf,lrs,7,0.7879661016949152,0.7850830207235068,0.7930152762990035,0.7879661016949152,0.8758267195767196
dt,lrs,7,0.7375141242937853,0.7340201563828952,0.7402871393497735,0.7375141242937853,0.7355654761904761
lr,rfe,7,0.8017514124293786,0.7825614776087433,0.8431789647102386,0.8017514124293786,0.9110780423280422
nb,rfe,7,0.757683615819209,0.7346371840729529,0.8011752419487109,0.757683615819209,0.8614417989417991
knn,rfe,7,0.7205649717514124,0.6649045655642183,0.8216178745580219,0.7205649717514124,0.8249297288359788
rf,rfe,7,0.6939548022598869,0.6331400002576071,0.6658071464898753,0.6939548022598869,0.8005993716931219
dt,rfe,7,0.6466666666666667,0.5921766040409893,0.7360325149733098,0.6466666666666667,0.6463128306878307
lr,bor,7,0.7848022598870056,0.7561545258416624,0.830971162070416,0.7848022598870056,0.8828621031746031
nb,bor,7,0.7509604519774011,0.7267966491011936,0.7901249208385693,0.7509604519774011,0.8245949074074075
knn,bor,7,0.6733898305084746,0.6174101148950324,0.774800003907876,0.6733898305084746,0.7992311507936508
rf,bor,7,0.6737853107344633,0.625924434256604,0.7140909564533963,0.6737853107344633,0.7507481812169312
dt,bor,7,0.6098870056497175,0.5476982186852182,0.68640927759957,0.6098870056497175,0.613045634920635
lr,lass,7,0.8017514124293786,0.779875843424241,0.8429626975996166,0.8017514124293786,0.9069609788359788
nb,lass,7,0.7914689265536723,0.7692946778400003,0.8328548644731784,0.7914689265536723,0.8694527116402118
knn,lass,7,0.723728813559322,0.695665793398861,0.7562709382314157,0.723728813559322,0.8148189484126984
rf,lass,7,0.7174011299435028,0.6710617568331592,0.7954803752987811,0.7174011299435028,0.8323536706349206
dt,lass,7,0.6368361581920904,0.5696571641212381,0.6986591856614066,0.6368361581920904,0.6352843915343914
lr,muin,7,0.791638418079096,0.7697487554803817,0.83294951417605,0.791638418079096,0.9135912698412698
nb,muin,7,0.794915254237288,0.7728640637027326,0.8401465268053758,0.794915254237288,0.8895089285714285
knn,muin,7,0.7845197740112996,0.7718379457001905,0.8226349176710388,0.7845197740112996,0.8512524801587302
rf,muin,7,0.7340677966101694,0.6989046147609577,0.7917062825068085,0.7340677966101694,0.8505001653439154
dt,muin,7,0.7037853107344633,0.6883698387302127,0.7323788610244619,0.7037853107344633,0.7014550264550266
lr,chi,7,0.8016949152542372,0.7826301786617391,0.8420246955871132,0.8016949152542372,0.9109540343915343
nb,chi,7,0.7881355932203389,0.7661916449509351,0.8310200524608489,0.7881355932203389,0.8954199735449736
knn,chi,7,0.8115819209039549,0.8019462563294626,0.8449192300561019,0.8115819209039549,0.8833953373015874
rf,chi,7,0.771186440677966,0.7469343723673773,0.8280087635408228,0.771186440677966,0.8436218584656086
dt,chi,7,0.7203389830508475,0.7038622434010768,0.7463642832399016,0.7203389830508475,0.7219411375661375
lr,rfc,7,0.8017514124293786,0.7825400930304164,0.8436015405930952,0.8017514124293786,0.908110119047619
nb,rfc,7,0.7712429378531074,0.7486782615666392,0.8121928682470205,0.7712429378531074,0.8572089947089946
knn,rfc,7,0.713728813559322,0.6573176683947083,0.7082189162957129,0.713728813559322,0.8092468584656085
rf,rfc,7,0.7005084745762712,0.6386898278487584,0.6550722490496039,0.7005084745762712,0.8262979497354497
dt,rfc,7,0.6300564971751412,0.5667234782295599,0.7054941216457259,0.6300564971751412,0.6306382275132275
lr,corr,8,0.7983050847457627,0.7764431316569265,0.8396245884696805,0.7983050847457627,0.9123594576719578
nb,corr,8,0.8083615819209038,0.7865899550938511,0.8495668546885004,0.8083615819209038,0.8936094576719578
knn,corr,8,0.8115254237288136,0.8023467860046107,0.8437407643997151,0.8115254237288136,0.8811590608465607
rf,corr,8,0.7643502824858757,0.7383018344502952,0.8104069288228469,0.7643502824858757,0.8740823412698413
dt,corr,8,0.7269491525423728,0.7100538872040084,0.7516629778126239,0.7269491525423728,0.728505291005291
lr,tree,8,0.798361581920904,0.7763996080655885,0.8409245511769765,0.798361581920904,0.9074652777777779
nb,tree,8,0.7846892655367231,0.7623122314489462,0.8294761729615064,0.7846892655367231,0.8701140873015873
knn,tree,8,0.7304519774011299,0.7035404888284384,0.760507000063239,0.7304519774011299,0.8206473214285716
rf,tree,8,0.724180790960452,0.6880624855525566,0.7875807137642321,0.724180790960452,0.8150297619047618
dt,tree,8,0.6501129943502826,0.596549853878868,0.7322043331948711,0.6501129943502826,0.6494378306878307
lr,var,8,0.8118079096045197,0.7951009515152409,0.8504983132749488,0.8118079096045197,0.9088500330687831
nb,var,8,0.7645197740112994,0.734740089877356,0.8202175637198053,0.7645197740112994,0.8919518849206349
knn,var,8,0.8150282485875705,0.8057864382611086,0.8456393127800947,0.8150282485875705,0.8772486772486774
rf,var,8,0.7880790960451977,0.7716937532425175,0.8324002949474906,0.7880790960451977,0.8769593253968255
dt,var,8,0.72045197740113,0.6995115334583523,0.7583857940122479,0.72045197740113,0.7256324404761905
lr,lrs,8,0.8285310734463277,0.8262260349651033,0.8323652778833317,0.8285310734463277,0.8889550264550266
nb,lrs,8,0.8149152542372882,0.8146253598340097,0.8188440101024901,0.8149152542372882,0.8799024470899471
knn,lrs,8,0.7946327683615819,0.7937140878070779,0.7972994444940644,0.7946327683615819,0.8594452711640213
rf,lrs,8,0.7913559322033897,0.7881456235424775,0.7977828892006881,0.7913559322033897,0.8747106481481481
dt,lrs,8,0.7377401129943503,0.7357460245874063,0.7398453708823725,0.7377401129943503,0.7362764550264551
lr,rfe,8,0.8017514124293786,0.7825614776087433,0.8431789647102386,0.8017514124293786,0.9097635582010583
nb,rfe,8,0.7576836158192091,0.7339263178792408,0.7995239508270809,0.7576836158192091,0.8576223544973545
knn,rfe,8,0.7205649717514124,0.6649045655642183,0.8216178745580219,0.7205649717514124,0.8256117724867724
rf,rfe,8,0.6936723163841808,0.6406431132052971,0.7171134045688016,0.6936723163841808,0.8013930224867725
dt,rfe,8,0.63,0.5656154321224726,0.695794676740994,0.63,0.6316633597883599
lr,bor,8,0.8017514124293786,0.7825614776087433,0.8431789647102386,0.8017514124293786,0.9097635582010583
nb,bor,8,0.7576836158192091,0.7339263178792408,0.7995239508270809,0.7576836158192091,0.8576223544973545
knn,bor,8,0.7205649717514124,0.6649045655642183,0.8216178745580219,0.7205649717514124,0.8256117724867724
rf,bor,8,0.7003954802259887,0.640491070353683,0.6966323993999356,0.7003954802259887,0.8220114087301587
dt,bor,8,0.6367796610169492,0.5749695963698941,0.7115122456197236,0.6367796610169492,0.6367559523809524
lr,lass,8,0.7983050847457627,0.7764195919154326,0.8406801959467355,0.7983050847457627,0.9068700396825398
nb,lass,8,0.7812429378531073,0.7590469503007833,0.8236496957971264,0.7812429378531073,0.8733465608465607
knn,lass,8,0.7610169491525424,0.7416710138053006,0.8031330455230128,0.7610169491525424,0.838917824074074
rf,lass,8,0.747457627118644,0.7178590584346999,0.8072017564087783,0.747457627118644,0.8308407738095237
dt,lass,8,0.6503389830508475,0.5864124749606583,0.727110017749703,0.6503389830508475,0.6499669312169312
lr,muin,8,0.8018079096045196,0.7798518204049997,0.8417059714449551,0.8018079096045196,0.9101603835978838
nb,muin,8,0.7881920903954802,0.7662397714734706,0.8311441266247008,0.7881920903954802,0.8914269179894179
knn,muin,8,0.7845197740112996,0.7742121475654654,0.8177078041095834,0.7845197740112996,0.8515997023809524
rf,muin,8,0.7846327683615819,0.7667476903000766,0.8355648539620283,0.7846327683615819,0.8749338624338625
dt,muin,8,0.7206214689265537,0.7084393664865527,0.7445594359144942,0.7206214689265537,0.7194444444444444
lr,chi,8,0.801638418079096,0.7850640100848139,0.8387938748997776,0.801638418079096,0.9092509920634921
nb,chi,8,0.7914689265536723,0.7694091117808097,0.8373386735844756,0.7914689265536723,0.901942791005291
knn,chi,8,0.8047457627118645,0.7966114238779916,0.8340404336707083,0.8047457627118645,0.8695023148148147
rf,chi,8,0.7406214689265537,0.7116261091156353,0.8010180293917856,0.7406214689265537,0.8635830026455025
dt,chi,8,0.7168926553672317,0.6984178357139836,0.750895398054311,0.7168926553672317,0.7256283068783069
lr,rfc,8,0.8017514124293786,0.7825614776087433,0.8431789647102386,0.8017514124293786,0.9097635582010583
nb,rfc,8,0.7576836158192091,0.7339263178792408,0.7995239508270809,0.7576836158192091,0.8576223544973545
knn,rfc,8,0.7205649717514124,0.6649045655642183,0.8216178745580219,0.7205649717514124,0.8256117724867724
rf,rfc,8,0.680225988700565,0.6236078518528233,0.6559844339316661,0.680225988700565,0.8042410714285715
dt,rfc,8,0.66,0.6096969270454096,0.7439262468630414,0.66,0.6632275132275133
lr,corr,9,0.7949152542372881,0.7730338770393613,0.8359195929630598,0.7949152542372881,0.9102678571428571
nb,corr,9,0.8015819209039547,0.7793771120190166,0.8419013290977849,0.8015819209039547,0.8755539021164023
knn,corr,9,0.7912994350282487,0.781744885648763,0.8232090722632324,0.7912994350282487,0.8514054232804232
rf,corr,9,0.7206214689265537,0.6610845044652546,0.716588287004557,0.7206214689265537,0.8475818452380952
dt,corr,9,0.6770621468926554,0.6283488290797933,0.7613167679194642,0.6770621468926554,0.6780919312169311
lr,tree,9,0.8018079096045199,0.7797712919255432,0.8425691289271668,0.8018079096045199,0.9107308201058201
nb,tree,9,0.7846892655367231,0.7625428114093211,0.8277621961849754,0.7846892655367231,0.8710234788359787
knn,tree,9,0.777909604519774,0.7649344193812195,0.8134972800909368,0.777909604519774,0.8422453703703704
rf,tree,9,0.7140112994350283,0.6553983756816499,0.6826520469090529,0.7140112994350283,0.8449983465608465
dt,tree,9,0.6568926553672316,0.6056864040978118,0.73938221042546,0.6568926553672316,0.6578703703703703
lr,var,9,0.7949717514124294,0.7730941041581709,0.836721834611426,0.7949717514124294,0.9061838624338623
nb,var,9,0.7543502824858758,0.7254783111296786,0.8026005844535359,0.7543502824858758,0.8654100529100528
knn,var,9,0.794689265536723,0.7853849587008189,0.8245323462703332,0.794689265536723,0.8507481812169312
rf,var,9,0.7003954802259887,0.6393462537759935,0.6588102872453596,0.7003954802259887,0.8107762896825397
dt,var,9,0.6466666666666667,0.5888106194056709,0.7504616678574615,0.6466666666666667,0.6476025132275132
lr,lrs,9,0.8452542372881355,0.84361195546077,0.8507800811313885,0.8452542372881355,0.8909308862433862
nb,lrs,9,0.8215819209039548,0.8213791183819072,0.82562381268481,0.8215819209039548,0.8811590608465607
knn,lrs,9,0.7979096045197741,0.7966541335231672,0.8055552430221858,0.7979096045197741,0.8828249007936508
rf,lrs,9,0.7981355932203389,0.7957712027642956,0.8046419753432019,0.7981355932203389,0.868894675925926
dt,lrs,9,0.72090395480226,0.7189649225742107,0.7260711512148945,0.72090395480226,0.7202050264550265
lr,rfe,9,0.7984180790960452,0.7764718608594586,0.8399864424821851,0.7984180790960452,0.9063409391534393
nb,rfe,9,0.7881355932203389,0.7659069035172532,0.8305803744509689,0.7881355932203389,0.8674107142857143
knn,rfe,9,0.723728813559322,0.6945623090449398,0.7565598400773668,0.723728813559322,0.8163607804232804
rf,rfe,9,0.70045197740113,0.6403433738472996,0.6962876991056868,0.70045197740113,0.8169849537037036
dt,rfe,9,0.6902259887005651,0.643421631854917,0.7726639043882859,0.6902259887005651,0.6937169312169311
lr,bor,9,0.7984180790960452,0.7764718608594586,0.8399864424821851,0.7984180790960452,0.9063409391534393
nb,bor,9,0.7881355932203389,0.7659069035172532,0.8305803744509689,0.7881355932203389,0.8674107142857143
knn,bor,9,0.723728813559322,0.6945623090449398,0.7565598400773668,0.723728813559322,0.8163607804232804
rf,bor,9,0.7038418079096045,0.640095860997607,0.7030892304855335,0.7038418079096045,0.8322296626984127
dt,bor,9,0.6434463276836159,0.5824199550771295,0.7186448539037052,0.6434463276836159,0.6422949735449736
lr,lass,9,0.8050847457627117,0.7831584203814419,0.8481361749851226,0.8050847457627117,0.9071180555555557
nb,lass,9,0.7880225988700564,0.7657058262870144,0.8294946058720962,0.7880225988700564,0.873817791005291
knn,lass,9,0.7576271186440678,0.7380919628926236,0.8001963535064716,0.7576271186440678,0.8447296626984127
rf,lass,9,0.7106214689265536,0.6504525681766518,0.7065492849568636,0.7106214689265536,0.8228009259259259
dt,lass,9,0.6937288135593221,0.6479215515783598,0.7763628475508606,0.6937288135593221,0.695949074074074
lr,muin,9,0.7984180790960452,0.7764543827235176,0.8404441933105691,0.7984180790960452,0.9123677248677249
nb,muin,9,0.8050282485875705,0.7832706077745037,0.8461549579432702,0.8050282485875705,0.892733134920635
knn,muin,9,0.8048022598870057,0.795673344493658,0.8353716182232358,0.8048022598870057,0.8756820436507937
rf,muin,9,0.7308474576271186,0.6888430325109239,0.7927424509865674,0.7308474576271186,0.8735615079365079
dt,muin,9,0.6969491525423729,0.6806831288579869,0.7255617672940285,0.6969491525423729,0.697123015873016
lr,chi,9,0.8118079096045197,0.7952920816305454,0.8472061365184975,0.8118079096045197,0.912202380952381
nb,chi,9,0.8116949152542372,0.7899128241034667,0.8529070073330004,0.8116949152542372,0.8968171296296298
knn,chi,9,0.794632768361582,0.7852718062563275,0.8256097960393116,0.794632768361582,0.867844742063492
rf,chi,9,0.7576836158192091,0.7272856417149522,0.8078659049711903,0.7576836158192091,0.8698867394179894
dt,chi,9,0.733728813559322,0.71215868241622,0.7718604248697839,0.733728813559322,0.7372023809523809
lr,rfc,9,0.7984180790960452,0.7764718608594586,0.8399864424821851,0.7984180790960452,0.9063409391534393
nb,rfc,9,0.7881355932203389,0.7659069035172532,0.8305803744509689,0.7881355932203389,0.8674107142857143
knn,rfc,9,0.723728813559322,0.6945623090449398,0.7565598400773668,0.723728813559322,0.8163607804232804
rf,rfc,9,0.7106214689265536,0.6504485200136323,0.7054869977614436,0.7106214689265536,0.8330687830687831
dt,rfc,9,0.6936158192090396,0.6486491859612153,0.7761391453165204,0.6936158192090396,0.6968419312169312
lr,corr,10,0.8017514124293786,0.7799147561192123,0.8423362067268776,0.8017514124293786,0.9105654761904761
nb,corr,10,0.804915254237288,0.7826999810286321,0.8452414817422851,0.804915254237288,0.87900958994709
knn,corr,10,0.7980225988700564,0.7904290263611358,0.8244511557546229,0.7980225988700564,0.8598007605820106
rf,corr,10,0.7171751412429379,0.6576366787994532,0.7144200585808963,0.7171751412429379,0.8465525793650794
dt,corr,10,0.6568361581920905,0.6048725553212569,0.7425587626943616,0.6568361581920905,0.6578703703703704
lr,tree,10,0.8018079096045199,0.7797712919255432,0.8425691289271668,0.8018079096045199,0.9091517857142858
nb,tree,10,0.7814124293785311,0.7592523997089667,0.823318333393655,0.7814124293785311,0.869006283068783
knn,tree,10,0.794632768361582,0.7861277898311985,0.8261158818742667,0.794632768361582,0.8432829034391534
rf,tree,10,0.7105649717514124,0.66766272376544,0.7667949294790324,0.7105649717514124,0.8374379960317458
dt,tree,10,0.6601129943502825,0.6109439751932274,0.7471584277034307,0.6601129943502825,0.6618882275132275
lr,var,10,0.7983050847457627,0.7792579372294799,0.8379448386999233,0.7983050847457627,0.9102926587301587
nb,var,10,0.7812994350282485,0.7587759365813556,0.8246049154868977,0.7812994350282485,0.8743716931216932
knn,var,10,0.801412429378531,0.7933563319535579,0.8300534664036041,0.801412429378531,0.8665095899470898
rf,var,10,0.7138983050847457,0.6701534232828805,0.7734632902004736,0.7138983050847457,0.8352141203703705
dt,var,10,0.6703389830508475,0.6175820238733285,0.7620273280181709,0.6703389830508475,0.6715277777777777
lr,lrs,10,0.8084745762711865,0.7893313624233462,0.8486452776772765,0.8084745762711865,0.9143683862433862
nb,lrs,10,0.8014689265536722,0.7823770763777306,0.8418774562519301,0.8014689265536722,0.8943039021164021
knn,lrs,10,0.7980225988700564,0.7893330490489449,0.8357419069339309,0.7980225988700564,0.8668154761904763
rf,lrs,10,0.7475706214689265,0.7217410757164237,0.7922444698418315,0.7475706214689265,0.8691881613756612
dt,lrs,10,0.7238983050847457,0.7006723029752575,0.7633173983897998,0.7238983050847457,0.7250165343915344
lr,rfe,10,0.8018079096045199,0.7797712919255432,0.8425691289271668,0.8018079096045199,0.9091517857142858
nb,rfe,10,0.7814124293785311,0.7592523997089667,0.823318333393655,0.7814124293785311,0.869006283068783
knn,rfe,10,0.794632768361582,0.7861277898311985,0.8261158818742667,0.794632768361582,0.8432829034391534
rf,rfe,10,0.7140112994350283,0.6699920075162324,0.7642484462741623,0.7140112994350283,0.8328000992063492
dt,rfe,10,0.6703954802259887,0.618500129156632,0.7549655743262538,0.6703954802259887,0.670949074074074
lr,bor,10,0.798361581920904,0.7764722455959265,0.8414131063987886,0.798361581920904,0.9073743386243386
nb,bor,10,0.777909604519774,0.7556808466985606,0.8199663975093083,0.777909604519774,0.8722470238095239
knn,bor,10,0.7644632768361582,0.7449921640285632,0.807290042647627,0.7644632768361582,0.8468956679894178
rf,bor,10,0.7137853107344634,0.6562412357139669,0.7105133023886838,0.7137853107344634,0.8393642526455027
dt,bor,10,0.6603954802259887,0.6020783430807674,0.7448413378869546,0.6603954802259887,0.6602347883597883
lr,lass,10,0.798361581920904,0.7764722455959265,0.8414131063987886,0.798361581920904,0.9073743386243386
nb,lass,10,0.777909604519774,0.7556808466985606,0.8199663975093083,0.777909604519774,0.8722470238095239
knn,lass,10,0.7644632768361582,0.7449921640285632,0.807290042647627,0.7644632768361582,0.8468956679894178
rf,lass,10,0.7274011299435028,0.6900960588960562,0.8011117798979622,0.7274011299435028,0.8382027116402115
dt,lass,10,0.6868926553672317,0.6398154354448746,0.7686304756441616,0.6868926553672317,0.689566798941799
lr,muin,10,0.8151977401129944,0.7986759783216048,0.8510791152833523,0.8151977401129944,0.9117476851851851
nb,muin,10,0.8015819209039547,0.7797712094820851,0.8439359007364363,0.8015819209039547,0.8957175925925925
knn,muin,10,0.8149152542372882,0.8069474085333471,0.8445198599371709,0.8149152542372882,0.8704489087301589
rf,muin,10,0.747457627118644,0.7147213112981766,0.8301244973163074,0.747457627118644,0.8765749007936507
dt,muin,10,0.7002824858757062,0.6881915859147301,0.7301973080071752,0.7002824858757062,0.7002480158730158
lr,chi,10,0.8017514124293786,0.7799147561192123,0.8423362067268776,0.8017514124293786,0.9105654761904761
nb,chi,10,0.804915254237288,0.7826999810286321,0.8452414817422851,0.804915254237288,0.87900958994709
knn,chi,10,0.7980225988700564,0.7904290263611358,0.8244511557546229,0.7980225988700564,0.8598007605820106
rf,chi,10,0.7273446327683615,0.6898263822160363,0.7855865601388923,0.7273446327683615,0.842803406084656
dt,chi,10,0.6703954802259887,0.6183461575032169,0.7581392333698295,0.6703954802259887,0.6721064814814814
lr,rfc,10,0.8018079096045199,0.7797712919255432,0.8425691289271668,0.8018079096045199,0.9091517857142858
nb,rfc,10,0.7814124293785311,0.7592523997089667,0.823318333393655,0.7814124293785311,0.869006283068783
knn,rfc,10,0.794632768361582,0.7861277898311985,0.8261158818742667,0.794632768361582,0.8432829034391534
rf,rfc,10,0.7207909604519773,0.6823391856808129,0.7741088921303703,0.7207909604519773,0.8244130291005289
dt,rfc,10,0.7003389830508475,0.6570432127440523,0.7833019747124673,0.7003389830508475,0.7041170634920635
lr,corr,11,0.8084745762711865,0.7894217142902121,0.8465231529799118,0.8084745762711865,0.9139136904761905
nb,corr,11,0.7980790960451977,0.7785200978497491,0.8369018842286968,0.7980790960451977,0.8787781084656086
knn,corr,11,0.8047457627118645,0.7970720829094342,0.8323753246490261,0.8047457627118645,0.8647858796296296
rf,corr,11,0.734180790960452,0.7014403226148695,0.814775274589949,0.734180790960452,0.8573454034391534
dt,corr,11,0.686949152542373,0.6423820599173438,0.7710372386789832,0.686949152542373,0.689699074074074
lr,tree,11,0.7916384180790961,0.7696825481550729,0.8336762482976814,0.7916384180790961,0.9118551587301589
nb,tree,11,0.7948022598870056,0.7752520459177996,0.8339772210657941,0.7948022598870056,0.8749007936507937
knn,tree,11,0.7912429378531073,0.7831308641203977,0.8238328727437402,0.7912429378531073,0.859209656084656
rf,tree,11,0.7341242937853107,0.7030615586181732,0.7910554585808056,0.7341242937853107,0.8475198412698413
dt,tree,11,0.7036723163841808,0.6622196211241725,0.7856792967203117,0.7036723163841808,0.707688492063492
lr,var,11,0.8050847457627117,0.7860552110490838,0.8434055467435859,0.8050847457627117,0.9125661375661375
nb,var,11,0.7913559322033897,0.768873582050762,0.8348990999016319,0.7913559322033897,0.8757771164021164
knn,var,11,0.7980790960451977,0.7889054633276453,0.8284356166366393,0.7980790960451977,0.8595651455026454
rf,var,11,0.7274576271186441,0.6848486385780673,0.8031209842225298,0.7274576271186441,0.8388268849206348
dt,var,11,0.7003954802259887,0.6566305586553183,0.7868585206631817,0.7003954802259887,0.7048280423280423
lr,lrs,11,0.8017514124293786,0.7826161375457057,0.8423040808013338,0.8017514124293786,0.9136987433862434
nb,lrs,11,0.7948022598870056,0.7756879630219504,0.8351504577602258,0.7948022598870056,0.8927166005291005
knn,lrs,11,0.7946327683615818,0.786101530880986,0.8306298209080645,0.7946327683615818,0.8680720899470898
rf,lrs,11,0.7610734463276836,0.7401221305821561,0.8001059751354707,0.7610734463276836,0.8667989417989419
dt,lrs,11,0.6935593220338983,0.6784974616182989,0.7206028923960881,0.6935593220338983,0.6907903439153438
lr,rfe,11,0.7916384180790961,0.7696825481550729,0.8336762482976814,0.7916384180790961,0.9118551587301589
nb,rfe,11,0.7948022598870056,0.7752520459177996,0.8339772210657941,0.7948022598870056,0.8749007936507937
knn,rfe,11,0.7912429378531073,0.7831308641203977,0.8238328727437402,0.7912429378531073,0.859209656084656
rf,rfe,11,0.7071751412429379,0.657066940475034,0.737209404319743,0.7071751412429379,0.8363632605820106
dt,rfe,11,0.6736158192090395,0.6257028369852213,0.7589484756841007,0.6736158192090395,0.674834656084656
lr,bor,11,0.7916384180790961,0.7696825481550729,0.8336762482976814,0.7916384180790961,0.9118551587301589
nb,bor,11,0.7948022598870056,0.7752520459177996,0.8339772210657941,0.7948022598870056,0.8749007936507937
knn,bor,11,0.7912429378531073,0.7831308641203977,0.8238328727437402,0.7912429378531073,0.859209656084656
rf,bor,11,0.7275706214689265,0.688640644455577,0.8016243682744868,0.7275706214689265,0.8580233134920634
dt,bor,11,0.7036723163841808,0.6622314717949475,0.7848438505897165,0.7036723163841808,0.7071097883597883
lr,lass,11,0.798361581920904,0.7764897237318678,0.8409553555704047,0.798361581920904,0.9073330026455027
nb,lass,11,0.7846327683615819,0.7652929556319388,0.8236472777434892,0.7846327683615819,0.869006283068783
knn,lass,11,0.7271186440677966,0.7103604348827728,0.7778752105170941,0.7271186440677966,0.8393353174603174
rf,lass,11,0.7105649717514124,0.6635556010943173,0.7425666103575647,0.7105649717514124,0.8289310515873016
dt,lass,11,0.6903954802259887,0.6353625071449549,0.7659151347625309,0.6903954802259887,0.6935350529100528
lr,muin,11,0.8085310734463278,0.7866690116196943,0.8505797701068684,0.8085310734463278,0.9070023148148149
nb,muin,11,0.7745762711864407,0.7523242033419171,0.8166891808987584,0.7745762711864407,0.8717344576719578
knn,muin,11,0.7710169491525424,0.7574289244865041,0.8217726040050982,0.7710169491525424,0.8642237103174603
rf,muin,11,0.7070621468926553,0.6515235221019868,0.8084759397950532,0.7070621468926553,0.8417534722222223
dt,muin,11,0.6735593220338983,0.618102445011965,0.7471271384161224,0.6735593220338983,0.6752810846560846
lr,chi,11,0.8084745762711865,0.7894217142902121,0.8465231529799118,0.8084745762711865,0.9139136904761905
nb,chi,11,0.7980790960451977,0.7785200978497491,0.8369018842286968,0.7980790960451977,0.8787781084656086
knn,chi,11,0.8047457627118645,0.7970720829094342,0.8323753246490261,0.8047457627118645,0.8647858796296296
rf,chi,11,0.7207344632768361,0.6758067172103855,0.7865854876448097,0.7207344632768361,0.8669890873015873
dt,chi,11,0.6568361581920905,0.6046678200877856,0.7442812434003916,0.6568361581920905,0.658449074074074
lr,rfc,11,0.7916384180790961,0.7696825481550729,0.8336762482976814,0.7916384180790961,0.9118551587301589
nb,rfc,11,0.7948022598870056,0.7752520459177996,0.8339772210657941,0.7948022598870056,0.8749007936507937
knn,rfc,11,0.7912429378531073,0.7831308641203977,0.8238328727437402,0.7912429378531073,0.859209656084656
rf,rfc,11,0.7273446327683615,0.6900190422457998,0.781624171801842,0.7273446327683615,0.8491526124338623
dt,rfc,11,0.6902259887005651,0.6467088272899484,0.7729058073057858,0.6902259887005651,0.6931382275132275
lr,corr,12,0.8084745762711865,0.7894217142902121,0.8465231529799118,0.8084745762711865,0.9121114417989418
nb,corr,12,0.7981355932203389,0.7785713932371469,0.8373891178110242,0.7981355932203389,0.8776455026455027
knn,corr,12,0.7980225988700564,0.7904055877068211,0.824240106081459,0.7980225988700564,0.8606109457671958
rf,corr,12,0.7341242937853106,0.7013059111008905,0.7990178601688053,0.7341242937853106,0.8262607473544975
dt,corr,12,0.673728813559322,0.6233323024440643,0.7587384389601948,0.673728813559322,0.6745205026455026
lr,tree,12,0.8084745762711865,0.7894217142902121,0.8465231529799118,0.8084745762711865,0.9121114417989418
nb,tree,12,0.7981355932203389,0.7785713932371469,0.8373891178110242,0.7981355932203389,0.8776455026455027
knn,tree,12,0.7980225988700564,0.7904055877068211,0.824240106081459,0.7980225988700564,0.8606109457671958
rf,tree,12,0.7241242937853107,0.6835278124073142,0.7983673693667848,0.7241242937853107,0.8496693121693122
dt,tree,12,0.6703954802259887,0.6206631033304209,0.752174843825171,0.6703954802259887,0.6713955026455026
lr,var,12,0.8017514124293784,0.7799186794094612,0.8423908634569364,0.8017514124293784,0.9148230820105819
nb,var,12,0.7912994350282485,0.7715921735607711,0.8315467223521449,0.7912994350282485,0.8760003306878307
knn,var,12,0.8115254237288136,0.8037913655225551,0.8391118172534794,0.8115254237288136,0.8589161706349205
rf,var,12,0.7375141242937853,0.6953555624329978,0.8013373140340038,0.7375141242937853,0.8491939484126985
dt,var,12,0.7071751412429379,0.663745622532822,0.7874356491763641,0.7071751412429379,0.7093419312169311
lr,lrs,12,0.8084180790960452,0.7919080164608541,0.8442877651956844,0.8084180790960452,0.9150958994708993
nb,lrs,12,0.7913559322033897,0.7720755497555193,0.832763707123255,0.7913559322033897,0.8924685846560847
knn,lrs,12,0.8149717514124294,0.8070917111767049,0.8426041573145915,0.8149717514124294,0.8646081349206348
rf,lrs,12,0.7440677966101694,0.7089419979931308,0.8009511261732186,0.7440677966101694,0.8696759259259259
dt,lrs,12,0.6969491525423729,0.6826931991352634,0.7256303759095293,0.6969491525423729,0.6944940476190476
lr,rfe,12,0.8084745762711865,0.7894217142902121,0.8465231529799118,0.8084745762711865,0.9121114417989418
nb,rfe,12,0.7981355932203389,0.7785713932371469,0.8373891178110242,0.7981355932203389,0.8776455026455027
knn,rfe,12,0.7980225988700564,0.7904055877068211,0.824240106081459,0.7980225988700564,0.8606109457671958
rf,rfe,12,0.7206214689265538,0.6744668120494898,0.7606076278996899,0.7206214689265538,0.8533688822751323
dt,rfe,12,0.6902824858757063,0.6470764202124695,0.7702372076808646,0.6902824858757063,0.6931382275132275
lr,bor,12,0.8084745762711865,0.7894217142902121,0.8465231529799118,0.8084745762711865,0.9121114417989418
nb,bor,12,0.7981355932203389,0.7785713932371469,0.8373891178110242,0.7981355932203389,0.8776455026455027
knn,bor,12,0.7980225988700564,0.7904055877068211,0.824240106081459,0.7980225988700564,0.8606109457671958
rf,bor,12,0.7509039548022598,0.7235663538738161,0.8120197692649803,0.7509039548022598,0.8538318452380953
dt,bor,12,0.6903389830508475,0.6458186467086937,0.7737332394716214,0.6903389830508475,0.6928240740740741
lr,lass,12,0.8085310734463278,0.7866690116196943,0.8505797701068684,0.8085310734463278,0.9065641534391533
nb,lass,12,0.777909604519774,0.7584646582717885,0.8177585209154667,0.777909604519774,0.8731150793650793
knn,lass,12,0.7744632768361581,0.7602983283210405,0.8238486672844424,0.7744632768361581,0.861255787037037
rf,lass,12,0.7003389830508475,0.6429478554467905,0.7515502089610843,0.7003389830508475,0.8267319775132276
dt,lass,12,0.6566101694915255,0.6012059790144026,0.7295509776563867,0.6566101694915255,0.6579199735449736
lr,muin,12,0.798361581920904,0.7792479008055754,0.8370857269892742,0.798361581920904,0.9134341931216932
nb,muin,12,0.7880225988700564,0.7682144712114404,0.8291305423208103,0.7880225988700564,0.8718915343915343
knn,muin,12,0.7878531073446327,0.7787461232569504,0.8260708922673766,0.7878531073446327,0.8599041005291005
rf,muin,12,0.7309039548022598,0.6921370628624155,0.8080118677272046,0.7309039548022598,0.8446924603174603
dt,muin,12,0.7037853107344633,0.6609599766336909,0.7826298660752197,0.7037853107344633,0.7066633597883598
lr,chi,12,0.8084745762711865,0.7894217142902121,0.8465231529799118,0.8084745762711865,0.9121114417989418
nb,chi,12,0.7981355932203389,0.7785713932371469,0.8373891178110242,0.7981355932203389,0.8776455026455027
knn,chi,12,0.7980225988700564,0.7904055877068211,0.824240106081459,0.7980225988700564,0.8606109457671958
rf,chi,12,0.7273446327683615,0.6850365782924025,0.8020185715549786,0.7273446327683615,0.8403191137566137
dt,chi,12,0.703728813559322,0.6611925302213684,0.7826553520269057,0.703728813559322,0.7071097883597883
lr,rfc,12,0.8084745762711865,0.7894217142902121,0.8465231529799118,0.8084745762711865,0.9121114417989418
nb,rfc,12,0.7981355932203389,0.7785713932371469,0.8373891178110242,0.7981355932203389,0.8776455026455027
knn,rfc,12,0.7980225988700564,0.7904055877068211,0.824240106081459,0.7980225988700564,0.8606109457671958
rf,rfc,12,0.7240112994350282,0.6820501567920086,0.7972469529581556,0.7240112994350282,0.8346395502645502
dt,rfc,12,0.6668926553672316,0.6178406885174212,0.7514948218116523,0.6668926553672316,0.6675595238095238
