model,fs_method,k,accuracy,fmeasure,precision,recall,roc
lr,nofs,4,0.9266666666666665,0.9256978893538322,0.9332630332630332,0.9266666666666665,0.9823333333333333
nb,nofs,4,0.9533333333333334,0.9530472646262119,0.9583838383838383,0.9533333333333334,0.9933333333333334
knn,nofs,4,0.96,0.9598997493734336,0.9622895622895623,0.96,0.9973333333333333
rf,nofs,4,0.9666666666666668,0.9664818612187034,0.9707070707070706,0.9666666666666668,0.9888333333333333
dt,nofs,4,0.9600000000000002,0.9598997493734336,0.9622895622895623,0.9600000000000002,0.97
gb,nofs,4,0.9600000000000002,0.9598997493734336,0.9622895622895623,0.9600000000000002,0.9916666666666668
ab,nofs,4,0.9399999999999998,0.9393381280580095,0.947915047915048,0.9399999999999998,0.9880000000000001
svc,nofs,4,0.9666666666666666,0.9664818612187034,0.9707070707070706,0.9666666666666666,0.9960000000000001
ri,nofs,4,0.8666666666666666,0.8656184753909886,0.8736726236726235,0.8666666666666666,0.952
xgb,nofs,4,0.96,0.9598319029897977,0.9634343434343433,0.96,0.977
lr,corr,1,0.9466666666666667,0.9464985696564643,0.9501010101010101,0.9466666666666667,0.9896666666666667
nb,corr,1,0.96,0.9597984861142755,0.9632996632996633,0.96,0.9916666666666666
knn,corr,1,0.96,0.9598319029897977,0.9634343434343435,0.96,0.9773333333333334
rf,corr,1,0.9533333333333334,0.9531151110098477,0.9572390572390572,0.9533333333333334,0.9760000000000002
dt,corr,1,0.9533333333333334,0.9531151110098477,0.9572390572390572,0.9533333333333334,0.966
gb,corr,1,0.9533333333333334,0.9531151110098477,0.9572390572390572,0.9533333333333334,0.977
ab,corr,1,0.9533333333333334,0.9531151110098477,0.9572390572390572,0.9533333333333334,0.977
svc,corr,1,0.9666666666666668,0.9665152780942254,0.9694949494949496,0.9666666666666668,0.9906666666666666
ri,corr,1,0.8933333333333333,0.8898834896277352,0.9164835164835164,0.8933333333333333,0.9899999999999999
xgb,corr,1,0.9400000000000001,0.9399164578111947,0.9416835016835016,0.9400000000000001,0.975
lr,tree,1,0.9466666666666667,0.9464985696564643,0.9501010101010101,0.9466666666666667,0.9896666666666667
nb,tree,1,0.96,0.9597984861142755,0.9632996632996633,0.96,0.9916666666666666
knn,tree,1,0.96,0.9598319029897977,0.9634343434343435,0.96,0.9773333333333334
rf,tree,1,0.9533333333333334,0.9531151110098477,0.9572390572390572,0.9533333333333334,0.9760000000000002
dt,tree,1,0.9533333333333334,0.9531151110098477,0.9572390572390572,0.9533333333333334,0.966
gb,tree,1,0.9533333333333334,0.9531151110098477,0.9572390572390572,0.9533333333333334,0.977
ab,tree,1,0.9533333333333334,0.9531151110098477,0.9572390572390572,0.9533333333333334,0.977
svc,tree,1,0.9666666666666668,0.9665152780942254,0.9694949494949496,0.9666666666666668,0.9906666666666666
ri,tree,1,0.8933333333333333,0.8898834896277352,0.9164835164835164,0.8933333333333333,0.9899999999999999
xgb,tree,1,0.9400000000000001,0.9399164578111947,0.9416835016835016,0.9400000000000001,0.975
lr,var,1,0.9466666666666667,0.9464985696564643,0.9501010101010101,0.9466666666666667,0.9896666666666667
nb,var,1,0.96,0.9597984861142755,0.9632996632996633,0.96,0.9916666666666666
knn,var,1,0.96,0.9598319029897977,0.9634343434343435,0.96,0.9773333333333334
rf,var,1,0.9533333333333334,0.9531151110098477,0.9572390572390572,0.9533333333333334,0.9760000000000002
dt,var,1,0.9533333333333334,0.9531151110098477,0.9572390572390572,0.9533333333333334,0.966
gb,var,1,0.9533333333333334,0.9531151110098477,0.9572390572390572,0.9533333333333334,0.977
ab,var,1,0.9533333333333334,0.9531151110098477,0.9572390572390572,0.9533333333333334,0.977
svc,var,1,0.9666666666666668,0.9665152780942254,0.9694949494949496,0.9666666666666668,0.9906666666666666
ri,var,1,0.8933333333333333,0.8898834896277352,0.9164835164835164,0.8933333333333333,0.9899999999999999
xgb,var,1,0.9400000000000001,0.9399164578111947,0.9416835016835016,0.9400000000000001,0.975
lr,lrs,1,0.9466666666666667,0.9464985696564643,0.9501010101010101,0.9466666666666667,0.9896666666666667
nb,lrs,1,0.96,0.9597984861142755,0.9632996632996633,0.96,0.9916666666666666
knn,lrs,1,0.96,0.9598319029897977,0.9634343434343435,0.96,0.9773333333333334
rf,lrs,1,0.9533333333333334,0.9531151110098477,0.9572390572390572,0.9533333333333334,0.9760000000000002
dt,lrs,1,0.9533333333333334,0.9531151110098477,0.9572390572390572,0.9533333333333334,0.966
gb,lrs,1,0.9533333333333334,0.9531151110098477,0.9572390572390572,0.9533333333333334,0.977
ab,lrs,1,0.9533333333333334,0.9531151110098477,0.9572390572390572,0.9533333333333334,0.977
svc,lrs,1,0.9666666666666668,0.9665152780942254,0.9694949494949496,0.9666666666666668,0.9906666666666666
ri,lrs,1,0.8933333333333333,0.8898834896277352,0.9164835164835164,0.8933333333333333,0.9899999999999999
xgb,lrs,1,0.9400000000000001,0.9399164578111947,0.9416835016835016,0.9400000000000001,0.975
lr,rfe,1,0.9466666666666667,0.9464985696564643,0.9501010101010101,0.9466666666666667,0.9896666666666667
nb,rfe,1,0.96,0.9597984861142755,0.9632996632996633,0.96,0.9916666666666666
knn,rfe,1,0.96,0.9598319029897977,0.9634343434343435,0.96,0.9773333333333334
rf,rfe,1,0.9400000000000001,0.9399164578111947,0.9416835016835016,0.9400000000000001,0.9760000000000002
dt,rfe,1,0.9533333333333334,0.9531151110098477,0.9572390572390572,0.9533333333333334,0.966
gb,rfe,1,0.9533333333333334,0.9531151110098477,0.9572390572390572,0.9533333333333334,0.977
ab,rfe,1,0.9533333333333334,0.9531151110098477,0.9572390572390572,0.9533333333333334,0.977
svc,rfe,1,0.9666666666666668,0.9665152780942254,0.9694949494949496,0.9666666666666668,0.9896666666666667
ri,rfe,1,0.8933333333333333,0.8898834896277352,0.9164835164835164,0.8933333333333333,0.9899999999999999
xgb,rfe,1,0.9400000000000001,0.9399164578111947,0.9416835016835016,0.9400000000000001,0.975
lr,bor,1,0.72,0.6932229824786023,0.7292920967920968,0.72,0.866
nb,bor,1,0.7266666666666667,0.71726345151436,0.7506761756761756,0.7266666666666667,0.8713333333333333
knn,bor,1,0.6733333333333332,0.6488643092564661,0.7143212669683258,0.6733333333333332,0.8226666666666669
rf,bor,1,0.7,0.6878119253405295,0.7252538202538202,0.7,0.8216666666666667
dt,bor,1,0.6933333333333334,0.6826604101890144,0.7241427091427092,0.6933333333333334,0.8073333333333332
gb,bor,1,0.72,0.7113653259191016,0.7344560994560995,0.72,0.829
ab,bor,1,0.5933333333333334,0.5245569288525945,0.5133838383838384,0.5933333333333334,0.7726666666666666
svc,bor,1,0.7,0.688289584811324,0.7176312576312577,0.7,0.8736666666666666
ri,bor,1,0.6666666666666666,0.6145829334064628,0.6754961378490789,0.6666666666666666,0.8676666666666668
xgb,bor,1,0.7266666666666667,0.7177697427583011,0.749987234987235,0.7266666666666667,0.8033333333333333
lr,lass,1,0.9466666666666667,0.9464985696564643,0.9501010101010101,0.9466666666666667,0.9896666666666667
nb,lass,1,0.96,0.9597984861142755,0.9632996632996633,0.96,0.9916666666666666
knn,lass,1,0.96,0.9598319029897977,0.9634343434343435,0.96,0.9773333333333334
rf,lass,1,0.9533333333333334,0.9531151110098477,0.9572390572390572,0.9533333333333334,0.9753333333333334
dt,lass,1,0.9533333333333334,0.9531151110098477,0.9572390572390572,0.9533333333333334,0.966
gb,lass,1,0.9533333333333334,0.9531151110098477,0.9572390572390572,0.9533333333333334,0.977
ab,lass,1,0.9533333333333334,0.9531151110098477,0.9572390572390572,0.9533333333333334,0.977
svc,lass,1,0.9666666666666668,0.9665152780942254,0.9694949494949496,0.9666666666666668,0.991
ri,lass,1,0.8933333333333333,0.8898834896277352,0.9164835164835164,0.8933333333333333,0.9899999999999999
xgb,lass,1,0.9400000000000001,0.9399164578111947,0.9416835016835016,0.9400000000000001,0.975
lr,muin,1,0.9,0.8959430141009086,0.9196248196248197,0.9,0.9876666666666667
nb,muin,1,0.9533333333333334,0.9532832080200502,0.9538047138047139,0.9533333333333334,0.99
knn,muin,1,0.9333333333333333,0.933131819447609,0.9366329966329967,0.9333333333333333,0.985
rf,muin,1,0.9333333333333333,0.9333333333333333,0.9333333333333333,0.9333333333333333,0.9803333333333335
dt,muin,1,0.9200000000000002,0.9198653198653199,0.9222222222222223,0.9200000000000002,0.9583333333333334
gb,muin,1,0.9333333333333333,0.9333333333333333,0.9333333333333333,0.9333333333333333,0.9823333333333334
ab,muin,1,0.72,0.631111111111111,0.5866666666666667,0.72,0.984
svc,muin,1,0.9333333333333333,0.9320875420875421,0.9431746031746032,0.9333333333333333,0.99
ri,muin,1,0.8533333333333333,0.8356798898078568,0.8992084712672946,0.8533333333333333,0.9873333333333333
xgb,muin,1,0.9333333333333333,0.9333333333333333,0.9333333333333333,0.9333333333333333,0.9833333333333334
lr,chi,1,0.9466666666666667,0.9464985696564643,0.9501010101010101,0.9466666666666667,0.9896666666666667
nb,chi,1,0.96,0.9597984861142755,0.9632996632996633,0.96,0.9916666666666666
knn,chi,1,0.96,0.9598319029897977,0.9634343434343435,0.96,0.9773333333333334
rf,chi,1,0.9533333333333334,0.9531151110098477,0.9572390572390572,0.9533333333333334,0.9753333333333334
dt,chi,1,0.9533333333333334,0.9531151110098477,0.9572390572390572,0.9533333333333334,0.966
gb,chi,1,0.9533333333333334,0.9531151110098477,0.9572390572390572,0.9533333333333334,0.977
ab,chi,1,0.9533333333333334,0.9531151110098477,0.9572390572390572,0.9533333333333334,0.977
svc,chi,1,0.9666666666666668,0.9665152780942254,0.9694949494949496,0.9666666666666668,0.9906666666666666
ri,chi,1,0.8933333333333333,0.8898834896277352,0.9164835164835164,0.8933333333333333,0.9899999999999999
xgb,chi,1,0.9400000000000001,0.9399164578111947,0.9416835016835016,0.9400000000000001,0.975
lr,rfc,1,0.9466666666666667,0.9464985696564643,0.9501010101010101,0.9466666666666667,0.9896666666666667
nb,rfc,1,0.96,0.9597984861142755,0.9632996632996633,0.96,0.9916666666666666
knn,rfc,1,0.96,0.9598319029897977,0.9634343434343435,0.96,0.9773333333333334
rf,rfc,1,0.9533333333333334,0.9531151110098477,0.9572390572390572,0.9533333333333334,0.9796666666666667
dt,rfc,1,0.9533333333333334,0.9531151110098477,0.9572390572390572,0.9533333333333334,0.966
gb,rfc,1,0.9533333333333334,0.9531151110098477,0.9572390572390572,0.9533333333333334,0.977
ab,rfc,1,0.9533333333333334,0.9531151110098477,0.9572390572390572,0.9533333333333334,0.977
svc,rfc,1,0.9666666666666668,0.9665152780942254,0.9694949494949496,0.9666666666666668,0.9903333333333333
ri,rfc,1,0.8933333333333333,0.8898834896277352,0.9164835164835164,0.8933333333333333,0.9899999999999999
xgb,rfc,1,0.9400000000000001,0.9399164578111947,0.9416835016835016,0.9400000000000001,0.975
lr,ulap,1,0.5799999999999998,0.5653948143758346,0.5637223887223888,0.5799999999999998,0.763
nb,ulap,1,0.5466666666666666,0.554204648644008,0.5699154549154549,0.5466666666666666,0.7586666666666667
knn,ulap,1,0.5066666666666666,0.44299025148105253,0.4950462534827859,0.5066666666666666,0.6713333333333333
rf,ulap,1,0.49333333333333335,0.4947187993751461,0.5374001924001923,0.49333333333333335,0.7216666666666667
dt,ulap,1,0.5066666666666666,0.49890343505823376,0.5186604136604137,0.5066666666666666,0.7248333333333333
gb,ulap,1,0.5,0.4987942732648615,0.5251948051948052,0.5,0.7233333333333334
ab,ulap,1,0.56,0.5554924596101067,0.564025974025974,0.56,0.716
svc,ulap,1,0.5533333333333333,0.5219248977143713,0.5199069122598534,0.5533333333333333,0.7516666666666667
ri,ulap,1,0.5799999999999998,0.5653948143758346,0.5637223887223888,0.5799999999999998,0.7649999999999999
xgb,ulap,1,0.5,0.4987942732648615,0.5251948051948052,0.5,0.7323333333333334
lr,uilap,1,0.9,0.8959430141009086,0.9196248196248197,0.9,0.9876666666666667
nb,uilap,1,0.9533333333333334,0.9532832080200502,0.9538047138047139,0.9533333333333334,0.99
knn,uilap,1,0.9333333333333333,0.933131819447609,0.9366329966329967,0.9333333333333333,0.985
rf,uilap,1,0.9333333333333333,0.9333333333333333,0.9333333333333333,0.9333333333333333,0.9803333333333335
dt,uilap,1,0.9200000000000002,0.9198653198653199,0.9222222222222223,0.9200000000000002,0.9583333333333334
gb,uilap,1,0.9333333333333333,0.9333333333333333,0.9333333333333333,0.9333333333333333,0.9823333333333334
ab,uilap,1,0.72,0.631111111111111,0.5866666666666667,0.72,0.984
svc,uilap,1,0.9333333333333333,0.9320875420875421,0.9431746031746032,0.9333333333333333,0.9896666666666668
ri,uilap,1,0.8533333333333333,0.8356798898078568,0.8992084712672946,0.8533333333333333,0.9873333333333333
xgb,uilap,1,0.9333333333333333,0.9333333333333333,0.9333333333333333,0.9333333333333333,0.9833333333333334
lr,ucos,1,0.5799999999999998,0.5653948143758346,0.5637223887223888,0.5799999999999998,0.763
nb,ucos,1,0.5466666666666666,0.554204648644008,0.5699154549154549,0.5466666666666666,0.7586666666666667
knn,ucos,1,0.5066666666666666,0.44299025148105253,0.4950462534827859,0.5066666666666666,0.6713333333333333
rf,ucos,1,0.5066666666666666,0.4981911843459831,0.5226286676286676,0.5066666666666666,0.7215
dt,ucos,1,0.5066666666666666,0.49890343505823376,0.5186604136604137,0.5066666666666666,0.7248333333333333
gb,ucos,1,0.5,0.4987942732648615,0.5251948051948052,0.5,0.7233333333333334
ab,ucos,1,0.56,0.5554924596101067,0.564025974025974,0.56,0.716
svc,ucos,1,0.5533333333333333,0.5219248977143713,0.5199069122598534,0.5533333333333333,0.7446666666666666
ri,ucos,1,0.5799999999999998,0.5653948143758346,0.5637223887223888,0.5799999999999998,0.7649999999999999
xgb,ucos,1,0.5,0.4987942732648615,0.5251948051948052,0.5,0.7323333333333334
lr,upcorr,1,0.72,0.6932229824786023,0.7292920967920968,0.72,0.866
nb,upcorr,1,0.7266666666666667,0.71726345151436,0.7506761756761756,0.7266666666666667,0.8713333333333333
knn,upcorr,1,0.6733333333333332,0.6488643092564661,0.7143212669683258,0.6733333333333332,0.8226666666666669
rf,upcorr,1,0.7133333333333333,0.7015775295134563,0.7411344211344211,0.7133333333333333,0.827
dt,upcorr,1,0.6933333333333334,0.6826604101890144,0.7241427091427092,0.6933333333333334,0.8073333333333332
gb,upcorr,1,0.72,0.7113653259191016,0.7344560994560995,0.72,0.829
ab,upcorr,1,0.5933333333333334,0.5245569288525945,0.5133838383838384,0.5933333333333334,0.7726666666666666
svc,upcorr,1,0.7,0.688289584811324,0.7176312576312577,0.7,0.8739999999999999
ri,upcorr,1,0.6666666666666666,0.6145829334064628,0.6754961378490789,0.6666666666666666,0.8676666666666668
xgb,upcorr,1,0.7266666666666667,0.7177697427583011,0.749987234987235,0.7266666666666667,0.8033333333333333
lr,ufrufs,1,0.9,0.8959430141009086,0.9196248196248197,0.9,0.9876666666666667
nb,ufrufs,1,0.9533333333333334,0.9532832080200502,0.9538047138047139,0.9533333333333334,0.99
knn,ufrufs,1,0.9333333333333333,0.933131819447609,0.9366329966329967,0.9333333333333333,0.985
rf,ufrufs,1,0.9333333333333333,0.9333333333333333,0.9333333333333333,0.9333333333333333,0.9803333333333335
dt,ufrufs,1,0.9200000000000002,0.9198653198653199,0.9222222222222223,0.9200000000000002,0.9583333333333334
gb,ufrufs,1,0.9333333333333333,0.9333333333333333,0.9333333333333333,0.9333333333333333,0.9823333333333334
ab,ufrufs,1,0.72,0.631111111111111,0.5866666666666667,0.72,0.984
svc,ufrufs,1,0.9333333333333333,0.9320875420875421,0.9431746031746032,0.9333333333333333,0.9896666666666668
ri,ufrufs,1,0.8533333333333333,0.8356798898078568,0.8992084712672946,0.8533333333333333,0.9873333333333333
xgb,ufrufs,1,0.9333333333333333,0.9333333333333333,0.9333333333333333,0.9333333333333333,0.9833333333333334
lr,corr,2,0.9600000000000002,0.9597984861142755,0.9632996632996633,0.9600000000000002,0.9976666666666667
nb,corr,2,0.96,0.9598319029897977,0.9634343434343433,0.96,0.999
knn,corr,2,0.9666666666666668,0.9663805979595452,0.9717171717171718,0.9666666666666668,0.9943333333333333
rf,corr,2,0.9666666666666668,0.9664818612187034,0.9707070707070706,0.9666666666666668,0.9916666666666666
dt,corr,2,0.9466666666666667,0.9465329991645781,0.9488215488215488,0.9466666666666667,0.9643333333333335
gb,corr,2,0.9600000000000002,0.9598997493734336,0.9622895622895623,0.9600000000000002,0.9899999999999999
ab,corr,2,0.9399999999999998,0.9393381280580095,0.947915047915048,0.9399999999999998,0.9880000000000001
svc,corr,2,0.96,0.9596972228551175,0.9656565656565658,0.96,0.9983333333333334
ri,corr,2,0.9266666666666665,0.9259917470443787,0.9316498316498316,0.9266666666666665,0.978
xgb,corr,2,0.9666666666666668,0.9664818612187034,0.9707070707070706,0.9666666666666668,0.9833333333333334
lr,tree,2,0.9600000000000002,0.9597984861142755,0.9632996632996633,0.9600000000000002,0.9976666666666667
nb,tree,2,0.96,0.9598319029897977,0.9634343434343433,0.96,0.999
knn,tree,2,0.9666666666666668,0.9663805979595452,0.9717171717171718,0.9666666666666668,0.9943333333333333
rf,tree,2,0.9600000000000002,0.9598997493734336,0.9622895622895623,0.9600000000000002,0.993
dt,tree,2,0.9600000000000002,0.9598997493734336,0.9622895622895623,0.9600000000000002,0.975
gb,tree,2,0.9600000000000002,0.9598997493734336,0.9622895622895623,0.9600000000000002,0.9899999999999999
ab,tree,2,0.9399999999999998,0.9393381280580095,0.947915047915048,0.9399999999999998,0.9880000000000001
svc,tree,2,0.96,0.9596972228551175,0.9656565656565658,0.96,0.9983333333333334
ri,tree,2,0.9266666666666665,0.9259917470443787,0.9316498316498316,0.9266666666666665,0.978
xgb,tree,2,0.9666666666666668,0.9664818612187034,0.9707070707070706,0.9666666666666668,0.9833333333333334
lr,var,2,0.9600000000000002,0.9597984861142755,0.9632996632996633,0.9600000000000002,0.9976666666666667
nb,var,2,0.96,0.9598319029897977,0.9634343434343433,0.96,0.999
knn,var,2,0.9666666666666668,0.9663805979595452,0.9717171717171718,0.9666666666666668,0.9943333333333333
rf,var,2,0.9666666666666668,0.9664818612187034,0.9707070707070706,0.9666666666666668,0.993
dt,var,2,0.9533333333333334,0.9532497911445279,0.9550168350168351,0.9533333333333334,0.9696666666666667
gb,var,2,0.9600000000000002,0.9598997493734336,0.9622895622895623,0.9600000000000002,0.9933333333333334
ab,var,2,0.9399999999999998,0.9393381280580095,0.947915047915048,0.9399999999999998,0.9880000000000001
svc,var,2,0.96,0.9596972228551175,0.9656565656565658,0.96,0.9983333333333334
ri,var,2,0.9266666666666665,0.9259917470443787,0.9316498316498316,0.9266666666666665,0.978
xgb,var,2,0.9666666666666668,0.9664818612187034,0.9707070707070706,0.9666666666666668,0.9833333333333334
lr,lrs,2,0.9600000000000002,0.9597984861142755,0.9632996632996633,0.9600000000000002,0.9976666666666667
nb,lrs,2,0.96,0.9598319029897977,0.9634343434343433,0.96,0.999
knn,lrs,2,0.9666666666666668,0.9663805979595452,0.9717171717171718,0.9666666666666668,0.9943333333333333
rf,lrs,2,0.9666666666666668,0.9664818612187034,0.9707070707070706,0.9666666666666668,0.9916666666666666
dt,lrs,2,0.9533333333333334,0.9532497911445279,0.9550168350168351,0.9533333333333334,0.9696666666666667
gb,lrs,2,0.9600000000000002,0.9598997493734336,0.9622895622895623,0.9600000000000002,0.9933333333333334
ab,lrs,2,0.9399999999999998,0.9393381280580095,0.947915047915048,0.9399999999999998,0.9880000000000001
svc,lrs,2,0.96,0.9596972228551175,0.9656565656565658,0.96,0.9983333333333334
ri,lrs,2,0.9266666666666665,0.9259917470443787,0.9316498316498316,0.9266666666666665,0.978
xgb,lrs,2,0.9666666666666668,0.9664818612187034,0.9707070707070706,0.9666666666666668,0.9833333333333334
lr,rfe,2,0.9600000000000002,0.9597984861142755,0.9632996632996633,0.9600000000000002,0.9976666666666667
nb,rfe,2,0.96,0.9598319029897977,0.9634343434343433,0.96,0.999
knn,rfe,2,0.9666666666666668,0.9663805979595452,0.9717171717171718,0.9666666666666668,0.9943333333333333
rf,rfe,2,0.9666666666666668,0.9664818612187034,0.9707070707070706,0.9666666666666668,0.99
dt,rfe,2,0.9600000000000002,0.9598997493734336,0.9622895622895623,0.9600000000000002,0.975
gb,rfe,2,0.9600000000000002,0.9598997493734336,0.9622895622895623,0.9600000000000002,0.9933333333333334
ab,rfe,2,0.9399999999999998,0.9393381280580095,0.947915047915048,0.9399999999999998,0.9880000000000001
svc,rfe,2,0.96,0.9596972228551175,0.9656565656565658,0.96,0.9983333333333334
ri,rfe,2,0.9266666666666665,0.9259917470443787,0.9316498316498316,0.9266666666666665,0.978
xgb,rfe,2,0.9666666666666668,0.9664818612187034,0.9707070707070706,0.9666666666666668,0.9833333333333334
lr,bor,2,0.8200000000000001,0.8154053657614029,0.836029341029341,0.8200000000000001,0.9216666666666666
nb,bor,2,0.7933333333333332,0.7902218850233387,0.8078998778998778,0.7933333333333332,0.9209999999999999
knn,bor,2,0.7666666666666667,0.761924470886646,0.7815851740851741,0.7666666666666667,0.89
rf,bor,2,0.7666666666666667,0.7633300806719839,0.7803365153365154,0.7666666666666667,0.8841666666666667
dt,bor,2,0.7133333333333333,0.7114514637882521,0.7242126392126392,0.7133333333333333,0.8158333333333333
gb,bor,2,0.7133333333333333,0.7145899883657321,0.7214529914529915,0.7133333333333333,0.8826666666666668
ab,bor,2,0.6133333333333333,0.5474358392364984,0.5821240353849049,0.6133333333333333,0.834
svc,bor,2,0.8,0.7972090499052404,0.8137921337921339,0.8,0.9283333333333333
ri,bor,2,0.8066666666666666,0.802584364952786,0.8181409331409333,0.8066666666666666,0.9073333333333332
xgb,bor,2,0.7,0.7021231450581296,0.7154882154882155,0.7,0.8760000000000001
lr,lass,2,0.9600000000000002,0.9597984861142755,0.9632996632996633,0.9600000000000002,0.9976666666666667
nb,lass,2,0.96,0.9598319029897977,0.9634343434343433,0.96,0.999
knn,lass,2,0.9666666666666668,0.9663805979595452,0.9717171717171718,0.9666666666666668,0.9943333333333333
rf,lass,2,0.9600000000000002,0.9598997493734336,0.9622895622895623,0.9600000000000002,0.993
dt,lass,2,0.9533333333333334,0.9532497911445279,0.9550168350168351,0.9533333333333334,0.9696666666666667
gb,lass,2,0.9600000000000002,0.9598997493734336,0.9622895622895623,0.9600000000000002,0.9933333333333334
ab,lass,2,0.9399999999999998,0.9393381280580095,0.947915047915048,0.9399999999999998,0.9880000000000001
svc,lass,2,0.96,0.9596972228551175,0.9656565656565658,0.96,0.9983333333333334
ri,lass,2,0.9266666666666665,0.9259917470443787,0.9316498316498316,0.9266666666666665,0.978
xgb,lass,2,0.9666666666666668,0.9664818612187034,0.9707070707070706,0.9666666666666668,0.9833333333333334
lr,muin,2,0.9600000000000002,0.9597984861142755,0.9632996632996633,0.9600000000000002,0.9976666666666667
nb,muin,2,0.96,0.9598319029897977,0.9634343434343433,0.96,0.999
knn,muin,2,0.9666666666666668,0.9663805979595452,0.9717171717171718,0.9666666666666668,0.9943333333333333
rf,muin,2,0.9666666666666668,0.9664818612187034,0.9707070707070706,0.9666666666666668,0.991
dt,muin,2,0.9533333333333334,0.9532497911445279,0.9550168350168351,0.9533333333333334,0.9696666666666667
gb,muin,2,0.9600000000000002,0.9598997493734336,0.9622895622895623,0.9600000000000002,0.9933333333333334
ab,muin,2,0.9399999999999998,0.9393381280580095,0.947915047915048,0.9399999999999998,0.9880000000000001
svc,muin,2,0.96,0.9596972228551175,0.9656565656565658,0.96,0.9983333333333334
ri,muin,2,0.9266666666666665,0.9259917470443787,0.9316498316498316,0.9266666666666665,0.978
xgb,muin,2,0.9666666666666668,0.9664818612187034,0.9707070707070706,0.9666666666666668,0.9833333333333334
lr,chi,2,0.9600000000000002,0.9597984861142755,0.9632996632996633,0.9600000000000002,0.9976666666666667
nb,chi,2,0.96,0.9598319029897977,0.9634343434343433,0.96,0.999
knn,chi,2,0.9666666666666668,0.9663805979595452,0.9717171717171718,0.9666666666666668,0.9943333333333333
rf,chi,2,0.9666666666666668,0.9664818612187034,0.9707070707070706,0.9666666666666668,0.9903333333333333
dt,chi,2,0.9466666666666667,0.9465329991645781,0.9488215488215488,0.9466666666666667,0.9643333333333335
gb,chi,2,0.9600000000000002,0.9598997493734336,0.9622895622895623,0.9600000000000002,0.9899999999999999
ab,chi,2,0.9399999999999998,0.9393381280580095,0.947915047915048,0.9399999999999998,0.9880000000000001
svc,chi,2,0.96,0.9596972228551175,0.9656565656565658,0.96,0.9983333333333334
ri,chi,2,0.9266666666666665,0.9259917470443787,0.9316498316498316,0.9266666666666665,0.978
xgb,chi,2,0.9666666666666668,0.9664818612187034,0.9707070707070706,0.9666666666666668,0.9833333333333334
lr,rfc,2,0.9600000000000002,0.9597984861142755,0.9632996632996633,0.9600000000000002,0.9976666666666667
nb,rfc,2,0.96,0.9598319029897977,0.9634343434343433,0.96,0.999
knn,rfc,2,0.9666666666666668,0.9663805979595452,0.9717171717171718,0.9666666666666668,0.9943333333333333
rf,rfc,2,0.9666666666666668,0.9664818612187034,0.9707070707070706,0.9666666666666668,0.991
dt,rfc,2,0.9466666666666667,0.9465329991645781,0.9488215488215488,0.9466666666666667,0.9643333333333335
gb,rfc,2,0.9600000000000002,0.9598997493734336,0.9622895622895623,0.9600000000000002,0.9933333333333334
ab,rfc,2,0.9399999999999998,0.9393381280580095,0.947915047915048,0.9399999999999998,0.9880000000000001
svc,rfc,2,0.96,0.9596972228551175,0.9656565656565658,0.96,0.9983333333333334
ri,rfc,2,0.9266666666666665,0.9259917470443787,0.9316498316498316,0.9266666666666665,0.978
xgb,rfc,2,0.9666666666666668,0.9664818612187034,0.9707070707070706,0.9666666666666668,0.9833333333333334
lr,ulap,2,0.9266666666666665,0.9261790840738209,0.9322390572390573,0.9266666666666665,0.977
nb,ulap,2,0.9399999999999998,0.9398830409356727,0.9415488215488216,0.9399999999999998,0.9873333333333333
knn,ulap,2,0.9533333333333334,0.9531151110098477,0.9572390572390572,0.9533333333333334,0.9710000000000001
rf,ulap,2,0.9466666666666667,0.9465329991645781,0.9488215488215488,0.9466666666666667,0.976
dt,ulap,2,0.9199999999999999,0.9193944457102351,0.9244107744107743,0.9199999999999999,0.9443333333333334
gb,ulap,2,0.9333333333333332,0.9329971393129288,0.9360774410774411,0.9333333333333332,0.97
ab,ulap,2,0.7666666666666667,0.7212061492763245,0.7959397900574372,0.7666666666666667,0.9743333333333334
svc,ulap,2,0.96,0.9598319029897977,0.9634343434343435,0.96,0.9923333333333334
ri,ulap,2,0.8666666666666668,0.8657045491612727,0.8766187516187516,0.8666666666666668,0.9536666666666667
xgb,ulap,2,0.9333333333333332,0.9329971393129288,0.9360774410774411,0.9333333333333332,0.9733333333333334
lr,uilap,2,0.8933333333333333,0.8917016714459169,0.9051343101343102,0.8933333333333333,0.9720000000000001
nb,uilap,2,0.9133333333333334,0.9129125844915318,0.9178282828282829,0.9133333333333334,0.9883333333333333
knn,uilap,2,0.9400000000000001,0.9398151945520367,0.9426936026936028,0.9400000000000001,0.9836666666666668
rf,uilap,2,0.9466666666666667,0.9465998329156224,0.9477441077441078,0.9466666666666667,0.9813333333333333
dt,uilap,2,0.9200000000000002,0.9198319029897977,0.9234343434343435,0.9200000000000002,0.9543333333333333
gb,uilap,2,0.9266666666666667,0.9266499582289056,0.9272727272727274,0.9266666666666667,0.9783333333333333
ab,uilap,2,0.7266666666666666,0.6622125766953353,0.6997385620915033,0.7266666666666666,0.9740000000000002
svc,uilap,2,0.9066666666666666,0.90616237563606,0.9114983164983166,0.9066666666666666,0.9883333333333333
ri,uilap,2,0.8466666666666667,0.8429879579596904,0.8634698634698635,0.8466666666666667,0.9496666666666667
xgb,uilap,2,0.9400000000000001,0.9399164578111947,0.9403367003367004,0.9400000000000001,0.9676666666666666
lr,ucos,2,0.9266666666666665,0.9261790840738209,0.9322390572390573,0.9266666666666665,0.977
nb,ucos,2,0.9399999999999998,0.9398830409356727,0.9415488215488216,0.9399999999999998,0.9873333333333333
knn,ucos,2,0.9533333333333334,0.9531151110098477,0.9572390572390572,0.9533333333333334,0.9710000000000001
rf,ucos,2,0.9399999999999998,0.9398830409356727,0.9415488215488216,0.9399999999999998,0.9780000000000001
dt,ucos,2,0.9266666666666665,0.9262803473329789,0.9298821548821549,0.9266666666666665,0.9489999999999998
gb,ucos,2,0.9333333333333332,0.9329971393129288,0.9360774410774411,0.9333333333333332,0.97
ab,ucos,2,0.7666666666666667,0.7212061492763245,0.7959397900574372,0.7666666666666667,0.9743333333333334
svc,ucos,2,0.96,0.9598319029897977,0.9634343434343435,0.96,0.9923333333333334
ri,ucos,2,0.8666666666666668,0.8657045491612727,0.8766187516187516,0.8666666666666668,0.9536666666666667
xgb,ucos,2,0.9333333333333332,0.9329971393129288,0.9360774410774411,0.9333333333333332,0.9733333333333334
lr,upcorr,2,0.8200000000000001,0.8154053657614029,0.836029341029341,0.8200000000000001,0.9216666666666666
nb,upcorr,2,0.7933333333333332,0.7902218850233387,0.8078998778998778,0.7933333333333332,0.9209999999999999
knn,upcorr,2,0.7666666666666667,0.761924470886646,0.7815851740851741,0.7666666666666667,0.89
rf,upcorr,2,0.76,0.757596752414763,0.7760496910496911,0.76,0.8846666666666667
dt,upcorr,2,0.7066666666666666,0.7039424434915079,0.7176497576497576,0.7066666666666666,0.8108333333333334
gb,upcorr,2,0.7133333333333333,0.7145899883657321,0.7214529914529915,0.7133333333333333,0.8826666666666668
ab,upcorr,2,0.6133333333333333,0.5474358392364984,0.5821240353849049,0.6133333333333333,0.834
svc,upcorr,2,0.8,0.7972090499052404,0.8137921337921339,0.8,0.9283333333333333
ri,upcorr,2,0.8066666666666666,0.802584364952786,0.8181409331409333,0.8066666666666666,0.9073333333333332
xgb,upcorr,2,0.7,0.7021231450581296,0.7154882154882155,0.7,0.8760000000000001
lr,ufrufs,2,0.8933333333333333,0.8917016714459169,0.9051343101343102,0.8933333333333333,0.9720000000000001
nb,ufrufs,2,0.9133333333333334,0.9129125844915318,0.9178282828282829,0.9133333333333334,0.9883333333333333
knn,ufrufs,2,0.9400000000000001,0.9398151945520367,0.9426936026936028,0.9400000000000001,0.9836666666666668
rf,ufrufs,2,0.9466666666666667,0.9465998329156224,0.9477441077441078,0.9466666666666667,0.9751666666666665
dt,ufrufs,2,0.9,0.8987375003164477,0.9104473304473306,0.9,0.9393333333333332
gb,ufrufs,2,0.9199999999999999,0.9198663324979115,0.9208080808080809,0.9199999999999999,0.9783333333333333
ab,ufrufs,2,0.7266666666666666,0.6622125766953353,0.6997385620915033,0.7266666666666666,0.9740000000000002
svc,ufrufs,2,0.9066666666666666,0.90616237563606,0.9114983164983166,0.9066666666666666,0.9883333333333333
ri,ufrufs,2,0.8466666666666667,0.8429879579596904,0.8634698634698635,0.8466666666666667,0.9496666666666667
xgb,ufrufs,2,0.9400000000000001,0.9399164578111947,0.9403367003367004,0.9400000000000001,0.9676666666666666
lr,corr,3,0.9400000000000001,0.9394445710235184,0.9467171717171718,0.9400000000000001,0.9906666666666666
nb,corr,3,0.96,0.9598319029897977,0.9634343434343435,0.96,0.9953333333333333
knn,corr,3,0.96,0.9598997493734336,0.9622895622895623,0.96,0.9966666666666665
rf,corr,3,0.96,0.9598319029897977,0.9634343434343433,0.96,0.9903333333333334
dt,corr,3,0.9533333333333334,0.9532497911445279,0.9550168350168351,0.9533333333333334,0.9650000000000001
gb,corr,3,0.9533333333333334,0.9532497911445279,0.9550168350168351,0.9533333333333334,0.9836666666666666
ab,corr,3,0.9399999999999998,0.9393381280580095,0.947915047915048,0.9399999999999998,0.9880000000000001
svc,corr,3,0.96,0.9596972228551175,0.9656565656565658,0.96,0.994
ri,corr,3,0.8866666666666667,0.8837719298245613,0.9009139009139009,0.8866666666666667,0.9643333333333335
xgb,corr,3,0.9666666666666668,0.9664818612187034,0.9707070707070706,0.9666666666666668,0.9733333333333334
lr,tree,3,0.9400000000000001,0.9394445710235184,0.9467171717171718,0.9400000000000001,0.9906666666666666
nb,tree,3,0.96,0.9598319029897977,0.9634343434343435,0.96,0.9953333333333333
knn,tree,3,0.96,0.9598997493734336,0.9622895622895623,0.96,0.9966666666666665
rf,tree,3,0.96,0.9598319029897977,0.9634343434343433,0.96,0.9908333333333333
dt,tree,3,0.9533333333333334,0.9532497911445279,0.9550168350168351,0.9533333333333334,0.9650000000000001
gb,tree,3,0.9533333333333334,0.9532497911445279,0.9550168350168351,0.9533333333333334,0.9836666666666666
ab,tree,3,0.9399999999999998,0.9393381280580095,0.947915047915048,0.9399999999999998,0.9880000000000001
svc,tree,3,0.96,0.9596972228551175,0.9656565656565658,0.96,0.994
ri,tree,3,0.8866666666666667,0.8837719298245613,0.9009139009139009,0.8866666666666667,0.9643333333333335
xgb,tree,3,0.9666666666666668,0.9664818612187034,0.9707070707070706,0.9666666666666668,0.9736666666666668
lr,var,3,0.9400000000000001,0.9394445710235184,0.9467171717171718,0.9400000000000001,0.9906666666666666
nb,var,3,0.96,0.9598319029897977,0.9634343434343435,0.96,0.9953333333333333
knn,var,3,0.96,0.9598997493734336,0.9622895622895623,0.96,0.9966666666666665
rf,var,3,0.96,0.9598319029897977,0.9634343434343433,0.96,0.9861666666666666
dt,var,3,0.9600000000000002,0.9598997493734336,0.9622895622895623,0.9600000000000002,0.97
gb,var,3,0.9533333333333334,0.9532497911445279,0.9550168350168351,0.9533333333333334,0.9843333333333334
ab,var,3,0.9399999999999998,0.9393381280580095,0.947915047915048,0.9399999999999998,0.9880000000000001
svc,var,3,0.96,0.9596972228551175,0.9656565656565658,0.96,0.994
ri,var,3,0.8866666666666667,0.8837719298245613,0.9009139009139009,0.8866666666666667,0.9643333333333335
xgb,var,3,0.9666666666666668,0.9664818612187034,0.9707070707070706,0.9666666666666668,0.9733333333333334
lr,lrs,3,0.9333333333333332,0.9328624591782486,0.9382996632996633,0.9333333333333332,0.9850000000000001
nb,lrs,3,0.96,0.9596972228551175,0.9656565656565658,0.96,0.9959999999999999
knn,lrs,3,0.96,0.9593882533712929,0.9674436674436675,0.96,0.993
rf,lrs,3,0.96,0.9598319029897977,0.9634343434343433,0.96,0.9891666666666665
dt,lrs,3,0.9600000000000002,0.9598997493734336,0.9622895622895623,0.9600000000000002,0.97
gb,lrs,3,0.9600000000000002,0.9598997493734336,0.9622895622895623,0.9600000000000002,0.9926666666666666
ab,lrs,3,0.9399999999999998,0.9393381280580095,0.947915047915048,0.9399999999999998,0.9880000000000001
svc,lrs,3,0.96,0.9596972228551175,0.9656565656565658,0.96,0.9986666666666666
ri,lrs,3,0.8733333333333334,0.8726968937495252,0.8808922558922558,0.8733333333333334,0.9563333333333335
xgb,lrs,3,0.96,0.9598319029897977,0.9634343434343433,0.96,0.985
lr,rfe,3,0.9400000000000001,0.9394445710235184,0.9467171717171718,0.9400000000000001,0.9906666666666666
nb,rfe,3,0.96,0.9598319029897977,0.9634343434343435,0.96,0.9953333333333333
knn,rfe,3,0.96,0.9598997493734336,0.9622895622895623,0.96,0.9966666666666665
rf,rfe,3,0.96,0.9598319029897977,0.9634343434343433,0.96,0.9898333333333333
dt,rfe,3,0.9533333333333334,0.9532497911445279,0.9550168350168351,0.9533333333333334,0.9650000000000001
gb,rfe,3,0.9533333333333334,0.9532497911445279,0.9550168350168351,0.9533333333333334,0.9836666666666666
ab,rfe,3,0.9399999999999998,0.9393381280580095,0.947915047915048,0.9399999999999998,0.9880000000000001
svc,rfe,3,0.96,0.9596972228551175,0.9656565656565658,0.96,0.994
ri,rfe,3,0.8866666666666667,0.8837719298245613,0.9009139009139009,0.8866666666666667,0.9643333333333335
xgb,rfe,3,0.9666666666666668,0.9664818612187034,0.9707070707070706,0.9666666666666668,0.9736666666666668
lr,bor,3,0.8533333333333333,0.8494794492236947,0.8676739926739927,0.8533333333333333,0.9626666666666667
nb,bor,3,0.8800000000000001,0.87918775211816,0.8879823879823882,0.8800000000000001,0.9813333333333333
knn,bor,3,0.9266666666666667,0.9264150274676591,0.9304377104377105,0.9266666666666667,0.9856666666666666
rf,bor,3,0.9400000000000001,0.939983291562239,0.9406060606060607,0.9400000000000001,0.9795
dt,bor,3,0.9199999999999999,0.9188554720133668,0.9288311688311689,0.9199999999999999,0.9400000000000001
gb,bor,3,0.9133333333333333,0.9122055137844611,0.9215584415584417,0.9133333333333333,0.9796666666666667
ab,bor,3,0.72,0.631111111111111,0.5866666666666667,0.72,0.9816666666666667
svc,bor,3,0.8733333333333334,0.8719250346279557,0.884011914011914,0.8733333333333334,0.9776666666666667
ri,bor,3,0.8400000000000001,0.8358492779262734,0.853926813926814,0.8400000000000001,0.9393333333333335
xgb,bor,3,0.9400000000000001,0.9398830409356724,0.9415488215488216,0.9400000000000001,0.9743333333333334
lr,lass,3,0.9400000000000001,0.9394445710235184,0.9467171717171718,0.9400000000000001,0.9906666666666666
nb,lass,3,0.96,0.9598319029897977,0.9634343434343435,0.96,0.9953333333333333
knn,lass,3,0.96,0.9598997493734336,0.9622895622895623,0.96,0.9966666666666665
rf,lass,3,0.9466666666666667,0.9462292093871041,0.9517676767676768,0.9466666666666667,0.9903333333333334
dt,lass,3,0.9533333333333334,0.9532497911445279,0.9550168350168351,0.9533333333333334,0.9650000000000001
gb,lass,3,0.9533333333333334,0.9532497911445279,0.9550168350168351,0.9533333333333334,0.9843333333333334
ab,lass,3,0.9399999999999998,0.9393381280580095,0.947915047915048,0.9399999999999998,0.9880000000000001
svc,lass,3,0.96,0.9596972228551175,0.9656565656565658,0.96,0.994
ri,lass,3,0.8866666666666667,0.8837719298245613,0.9009139009139009,0.8866666666666667,0.9643333333333335
xgb,lass,3,0.9666666666666668,0.9664818612187034,0.9707070707070706,0.9666666666666668,0.9733333333333334
lr,muin,3,0.9400000000000001,0.9394445710235184,0.9467171717171718,0.9400000000000001,0.9906666666666666
nb,muin,3,0.96,0.9598319029897977,0.9634343434343435,0.96,0.9953333333333333
knn,muin,3,0.96,0.9598997493734336,0.9622895622895623,0.96,0.9966666666666665
rf,muin,3,0.96,0.9598319029897977,0.9634343434343433,0.96,0.9903333333333334
dt,muin,3,0.9533333333333334,0.9532497911445279,0.9550168350168351,0.9533333333333334,0.9650000000000001
gb,muin,3,0.9533333333333334,0.9532497911445279,0.9550168350168351,0.9533333333333334,0.9836666666666666
ab,muin,3,0.9399999999999998,0.9393381280580095,0.947915047915048,0.9399999999999998,0.9880000000000001
svc,muin,3,0.96,0.9596972228551175,0.9656565656565658,0.96,0.9943333333333333
ri,muin,3,0.8866666666666667,0.8837719298245613,0.9009139009139009,0.8866666666666667,0.9643333333333335
xgb,muin,3,0.9666666666666668,0.9664818612187034,0.9707070707070706,0.9666666666666668,0.9733333333333334
lr,chi,3,0.9400000000000001,0.9394445710235184,0.9467171717171718,0.9400000000000001,0.9906666666666666
nb,chi,3,0.96,0.9598319029897977,0.9634343434343435,0.96,0.9953333333333333
knn,chi,3,0.96,0.9598997493734336,0.9622895622895623,0.96,0.9966666666666665
rf,chi,3,0.96,0.9598319029897977,0.9634343434343433,0.96,0.9911666666666668
dt,chi,3,0.9600000000000002,0.9598997493734336,0.9622895622895623,0.9600000000000002,0.97
gb,chi,3,0.9533333333333334,0.9532497911445279,0.9550168350168351,0.9533333333333334,0.9836666666666666
ab,chi,3,0.9399999999999998,0.9393381280580095,0.947915047915048,0.9399999999999998,0.9880000000000001
svc,chi,3,0.96,0.9596972228551175,0.9656565656565658,0.96,0.994
ri,chi,3,0.8866666666666667,0.8837719298245613,0.9009139009139009,0.8866666666666667,0.9643333333333335
xgb,chi,3,0.9666666666666668,0.9664818612187034,0.9707070707070706,0.9666666666666668,0.9736666666666668
lr,rfc,3,0.9400000000000001,0.9394445710235184,0.9467171717171718,0.9400000000000001,0.9906666666666666
nb,rfc,3,0.96,0.9598319029897977,0.9634343434343435,0.96,0.9953333333333333
knn,rfc,3,0.96,0.9598997493734336,0.9622895622895623,0.96,0.9966666666666665
rf,rfc,3,0.96,0.9598319029897977,0.9634343434343433,0.96,0.991
dt,rfc,3,0.9533333333333334,0.9532497911445279,0.9550168350168351,0.9533333333333334,0.9650000000000001
gb,rfc,3,0.9533333333333334,0.9532497911445279,0.9550168350168351,0.9533333333333334,0.9843333333333334
ab,rfc,3,0.9399999999999998,0.9393381280580095,0.947915047915048,0.9399999999999998,0.9880000000000001
svc,rfc,3,0.96,0.9596972228551175,0.9656565656565658,0.96,0.9943333333333333
ri,rfc,3,0.8866666666666667,0.8837719298245613,0.9009139009139009,0.8866666666666667,0.9643333333333335
xgb,rfc,3,0.9666666666666668,0.9664818612187034,0.9707070707070706,0.9666666666666668,0.9733333333333334
lr,ulap,3,0.9333333333333332,0.9328624591782486,0.9382996632996633,0.9333333333333332,0.9850000000000001
nb,ulap,3,0.96,0.9596972228551175,0.9656565656565658,0.96,0.9959999999999999
knn,ulap,3,0.96,0.9593882533712929,0.9674436674436675,0.96,0.993
rf,ulap,3,0.9533333333333334,0.9531151110098477,0.9572390572390571,0.9533333333333334,0.9894999999999999
dt,ulap,3,0.9600000000000002,0.9598997493734336,0.9622895622895623,0.9600000000000002,0.97
gb,ulap,3,0.9600000000000002,0.9598997493734336,0.9622895622895623,0.9600000000000002,0.9926666666666666
ab,ulap,3,0.9399999999999998,0.9393381280580095,0.947915047915048,0.9399999999999998,0.9880000000000001
svc,ulap,3,0.96,0.9596972228551175,0.9656565656565658,0.96,0.9986666666666666
ri,ulap,3,0.8733333333333334,0.8726968937495252,0.8808922558922558,0.8733333333333334,0.9563333333333335
xgb,ulap,3,0.96,0.9598319029897977,0.9634343434343433,0.96,0.985
lr,uilap,3,0.9333333333333332,0.9328624591782486,0.9382996632996633,0.9333333333333332,0.9850000000000001
nb,uilap,3,0.96,0.9596972228551175,0.9656565656565658,0.96,0.9959999999999999
knn,uilap,3,0.96,0.9593882533712929,0.9674436674436675,0.96,0.993
rf,uilap,3,0.9666666666666668,0.9664818612187034,0.9707070707070706,0.9666666666666668,0.9894999999999999
dt,uilap,3,0.9600000000000002,0.9598997493734336,0.9622895622895623,0.9600000000000002,0.97
gb,uilap,3,0.9600000000000002,0.9598997493734336,0.9622895622895623,0.9600000000000002,0.9926666666666666
ab,uilap,3,0.9399999999999998,0.9393381280580095,0.947915047915048,0.9399999999999998,0.9880000000000001
svc,uilap,3,0.96,0.9596972228551175,0.9656565656565658,0.96,0.9986666666666666
ri,uilap,3,0.8733333333333334,0.8726968937495252,0.8808922558922558,0.8733333333333334,0.9563333333333335
xgb,uilap,3,0.96,0.9598319029897977,0.9634343434343433,0.96,0.985
lr,ucos,3,0.9333333333333332,0.9328624591782486,0.9382996632996633,0.9333333333333332,0.9850000000000001
nb,ucos,3,0.96,0.9596972228551175,0.9656565656565658,0.96,0.9959999999999999
knn,ucos,3,0.96,0.9593882533712929,0.9674436674436675,0.96,0.993
rf,ucos,3,0.9466666666666667,0.9461227664215954,0.9529655529655529,0.9466666666666667,0.9935
dt,ucos,3,0.9666666666666668,0.9665831244778612,0.9683501683501683,0.9666666666666668,0.975
gb,ucos,3,0.9600000000000002,0.9598997493734336,0.9622895622895623,0.9600000000000002,0.9893333333333334
ab,ucos,3,0.9399999999999998,0.9393381280580095,0.947915047915048,0.9399999999999998,0.9880000000000001
svc,ucos,3,0.96,0.9596972228551175,0.9656565656565658,0.96,0.9986666666666666
ri,ucos,3,0.8733333333333334,0.8726968937495252,0.8808922558922558,0.8733333333333334,0.9563333333333335
xgb,ucos,3,0.96,0.9598319029897977,0.9634343434343433,0.96,0.985
lr,upcorr,3,0.8533333333333333,0.8494794492236947,0.8676739926739927,0.8533333333333333,0.9626666666666667
nb,upcorr,3,0.8800000000000001,0.87918775211816,0.8879823879823882,0.8800000000000001,0.9813333333333333
knn,upcorr,3,0.9266666666666667,0.9264150274676591,0.9304377104377105,0.9266666666666667,0.9856666666666666
rf,upcorr,3,0.9400000000000001,0.939983291562239,0.9406060606060607,0.9400000000000001,0.9835
dt,upcorr,3,0.9133333333333333,0.9122055137844611,0.9215584415584417,0.9133333333333333,0.9350000000000002
gb,upcorr,3,0.9199999999999999,0.9188554720133668,0.9288311688311689,0.9199999999999999,0.9773333333333334
ab,upcorr,3,0.72,0.631111111111111,0.5866666666666667,0.72,0.9816666666666667
svc,upcorr,3,0.8733333333333334,0.8719250346279557,0.884011914011914,0.8733333333333334,0.9773333333333334
ri,upcorr,3,0.8400000000000001,0.8358492779262734,0.853926813926814,0.8400000000000001,0.9393333333333335
xgb,upcorr,3,0.9400000000000001,0.9398830409356724,0.9415488215488216,0.9400000000000001,0.9743333333333334
lr,ufrufs,3,0.9333333333333332,0.9328624591782486,0.9382996632996633,0.9333333333333332,0.9850000000000001
nb,ufrufs,3,0.96,0.9596972228551175,0.9656565656565658,0.96,0.9959999999999999
knn,ufrufs,3,0.96,0.9593882533712929,0.9674436674436675,0.96,0.993
rf,ufrufs,3,0.9600000000000002,0.9594895166304507,0.9664335664335664,0.9600000000000002,0.9928333333333335
dt,ufrufs,3,0.9600000000000002,0.9598997493734336,0.9622895622895623,0.9600000000000002,0.97
gb,ufrufs,3,0.9600000000000002,0.9598997493734336,0.9622895622895623,0.9600000000000002,0.9926666666666666
ab,ufrufs,3,0.9399999999999998,0.9393381280580095,0.947915047915048,0.9399999999999998,0.9880000000000001
svc,ufrufs,3,0.96,0.9596972228551175,0.9656565656565658,0.96,0.9986666666666666
ri,ufrufs,3,0.8733333333333334,0.8726968937495252,0.8808922558922558,0.8733333333333334,0.9563333333333335
xgb,ufrufs,3,0.96,0.9598319029897977,0.9634343434343433,0.96,0.985
