model,fs_method,k,accuracy,fmeasure,precision,recall,roc
lr,nofs,10,0.9576291701181926,0.9374811737187129,0.9296651759756086,0.9576291701181926,0.8439561865223515
nb,nofs,10,0.8718708413003897,0.8996447222674325,0.9363017387876337,0.8718708413003897,0.8205544023525342
knn,nofs,10,0.9570181721548525,0.9378836734084558,0.9272131415143106,0.9570181721548525,0.6085385622853189
rf,nofs,10,0.9566106325687036,0.9373382261259359,0.9284745053660741,0.9566106325687036,0.790734672696271
dt,nofs,10,0.9189243280164261,0.9222818231325352,0.9257982598557956,0.9189243280164261,0.5484210591346035
lr,corr,1,0.9574252965198238,0.9366009929408434,0.9166633507563346,0.9574252965198238,0.8356192700224874
nb,corr,1,0.9574252965198238,0.9366009929408434,0.9166633507563346,0.9574252965198238,0.8358787407023007
knn,corr,1,0.7282589153177168,0.8090858119372928,0.9454269724276776,0.7282589153177168,0.794332480786814
rf,corr,1,0.9574252965198238,0.9366009929408434,0.9166633507563346,0.9574252965198238,0.8114070106506537
dt,corr,1,0.9574252965198238,0.9366009929408434,0.9166633507563346,0.9574252965198238,0.8128290335334963
lr,tree,1,0.9574252965198238,0.9366009929408434,0.9166633507563346,0.9574252965198238,0.8356192700224874
nb,tree,1,0.9574252965198238,0.9366009929408434,0.9166633507563346,0.9574252965198238,0.8358787407023007
knn,tree,1,0.7282589153177168,0.8090858119372928,0.9454269724276776,0.7282589153177168,0.794332480786814
rf,tree,1,0.9574252965198238,0.9366009929408434,0.9166633507563346,0.9574252965198238,0.8133329008822002
dt,tree,1,0.9574252965198238,0.9366009929408434,0.9166633507563346,0.9574252965198238,0.8128290335334963
lr,var,1,0.9574252965198238,0.9366009929408434,0.9166633507563346,0.9574252965198238,0.535093471223466
nb,var,1,0.9574252965198238,0.9366009929408434,0.9166633507563346,0.9574252965198238,0.542612931524452
knn,var,1,0.18333800457158517,0.24958597892872678,0.9582223868224388,0.18333800457158517,0.5714870141102628
rf,var,1,0.9574252965198238,0.9366009929408434,0.9166633507563346,0.9574252965198238,0.5921672597425063
dt,var,1,0.9574252965198238,0.9366009929408434,0.9166633507563346,0.9574252965198238,0.5921672597425063
lr,lrs,1,0.9574252965198238,0.9366009929408434,0.9166633507563346,0.9574252965198238,0.8356192700224874
nb,lrs,1,0.9574252965198238,0.9366009929408434,0.9166633507563346,0.9574252965198238,0.8358787407023007
knn,lrs,1,0.7282589153177168,0.8090858119372928,0.9454269724276776,0.7282589153177168,0.794332480786814
rf,lrs,1,0.9574252965198238,0.9366009929408434,0.9166633507563346,0.9574252965198238,0.8117390095633479
dt,lrs,1,0.9574252965198238,0.9366009929408434,0.9166633507563346,0.9574252965198238,0.8128290335334963
lr,rfe,1,0.9574252965198238,0.9366009929408434,0.9166633507563346,0.9574252965198238,0.6262188326290558
nb,rfe,1,0.9502953260628105,0.9367778299700374,0.9279622835721459,0.9502953260628105,0.6184002397014852
knn,rfe,1,0.9570175493230856,0.9367905033998583,0.9253794202328625,0.9570175493230856,0.5159340944473275
rf,rfe,1,0.9240163929321051,0.921054906399273,0.918216311661651,0.9240163929321051,0.5181115476808263
dt,rfe,1,0.9240163929321051,0.9208549174736612,0.9178124411032188,0.9240163929321051,0.4931372476338745
lr,bor,1,0.9574252965198238,0.9366009929408434,0.9166633507563346,0.9574252965198238,0.8356192700224874
nb,bor,1,0.9574252965198238,0.9366009929408434,0.9166633507563346,0.9574252965198238,0.8358787407023007
knn,bor,1,0.7282589153177168,0.8090858119372928,0.9454269724276776,0.7282589153177168,0.794332480786814
rf,bor,1,0.9574252965198238,0.9366009929408434,0.9166633507563346,0.9574252965198238,0.811786702745447
dt,bor,1,0.9574252965198238,0.9366009929408434,0.9166633507563346,0.9574252965198238,0.8128290335334963
lr,lass,1,0.9574252965198238,0.9366009929408434,0.9166633507563346,0.9574252965198238,0.4817624854819977
nb,lass,1,0.9574252965198238,0.9366009929408434,0.9166633507563346,0.9574252965198238,0.4817624854819977
knn,lass,1,0.0425747034801763,0.0034774402284543674,0.0018127577166874094,0.0425747034801763,0.5
rf,lass,1,0.9574252965198238,0.9366009929408434,0.9166633507563346,0.9574252965198238,0.48179541354684063
dt,lass,1,0.9574252965198238,0.9366009929408434,0.9166633507563346,0.9574252965198238,0.48179541354684063
lr,muin,1,0.9574252965198238,0.9366009929408434,0.9166633507563346,0.9574252965198238,0.8356192700224874
nb,muin,1,0.9574252965198238,0.9366009929408434,0.9166633507563346,0.9574252965198238,0.8358787407023007
knn,muin,1,0.7282589153177168,0.8090858119372928,0.9454269724276776,0.7282589153177168,0.794332480786814
rf,muin,1,0.9574252965198238,0.9366009929408434,0.9166633507563346,0.9574252965198238,0.8123204710010625
dt,muin,1,0.9574252965198238,0.9366009929408434,0.9166633507563346,0.9574252965198238,0.8128290335334963
lr,chi,1,0.9574252965198238,0.9366009929408434,0.9166633507563346,0.9574252965198238,0.6016679022413325
nb,chi,1,0.8899989827081141,0.9086523286405838,0.9310580564458512,0.8899989827081141,0.6016679022413325
knn,chi,1,0.0425747034801763,0.0034774402284543674,0.0018127577166874094,0.0425747034801763,0.5
rf,chi,1,0.9574252965198238,0.9366009929408434,0.9166633507563346,0.9574252965198238,0.6016679022413325
dt,chi,1,0.9574252965198238,0.9366009929408434,0.9166633507563346,0.9574252965198238,0.6016679022413325
lr,rfc,1,0.9574252965198238,0.9366009929408434,0.9166633507563346,0.9574252965198238,0.6262188326290558
nb,rfc,1,0.9502953260628105,0.9367778299700374,0.9279622835721459,0.9502953260628105,0.6184002397014852
knn,rfc,1,0.9570175493230856,0.9367905033998583,0.9253794202328625,0.9570175493230856,0.5159340944473275
rf,rfc,1,0.9236090609565449,0.9206384885579618,0.917774789285264,0.9236090609565449,0.5105069562853684
dt,rfc,1,0.9240163929321051,0.9208549174736612,0.9178124411032188,0.9240163929321051,0.4931372476338745
lr,ulap,1,0.9574252965198238,0.9366009929408434,0.9166633507563346,0.9574252965198238,0.4917284453999556
nb,ulap,1,0.9574252965198238,0.9366009929408434,0.9166633507563346,0.9574252965198238,0.4917284453999556
knn,ulap,1,0.0425747034801763,0.0034774402284543674,0.0018127577166874094,0.0425747034801763,0.5
rf,ulap,1,0.9574252965198238,0.9366009929408434,0.9166633507563346,0.9574252965198238,0.4917284453999556
dt,ulap,1,0.9574252965198238,0.9366009929408434,0.9166633507563346,0.9574252965198238,0.4917284453999556
lr,uilap,1,0.9574252965198238,0.9366009929408434,0.9166633507563346,0.9574252965198238,0.6016679022413325
nb,uilap,1,0.8899989827081141,0.9086523286405838,0.9310580564458512,0.8899989827081141,0.6016679022413325
knn,uilap,1,0.0425747034801763,0.0034774402284543674,0.0018127577166874094,0.0425747034801763,0.5
rf,uilap,1,0.9574252965198238,0.9366009929408434,0.9166633507563346,0.9574252965198238,0.6016679022413325
dt,uilap,1,0.9574252965198238,0.9366009929408434,0.9166633507563346,0.9574252965198238,0.6016679022413325
lr,ucos,1,0.9574252965198238,0.9366009929408434,0.9166633507563346,0.9574252965198238,0.535093471223466
nb,ucos,1,0.9574252965198238,0.9366009929408434,0.9166633507563346,0.9574252965198238,0.542612931524452
knn,ucos,1,0.18333800457158517,0.24958597892872678,0.9582223868224388,0.18333800457158517,0.5714870141102628
rf,ucos,1,0.9574252965198238,0.9366009929408434,0.9166633507563346,0.9574252965198238,0.5921672597425063
dt,ucos,1,0.9574252965198238,0.9366009929408434,0.9166633507563346,0.9574252965198238,0.5921672597425063
lr,upcorr,1,0.9574252965198238,0.9366009929408434,0.9166633507563346,0.9574252965198238,0.4817624854819977
nb,upcorr,1,0.9574252965198238,0.9366009929408434,0.9166633507563346,0.9574252965198238,0.4817624854819977
knn,upcorr,1,0.0425747034801763,0.0034774402284543674,0.0018127577166874094,0.0425747034801763,0.5
rf,upcorr,1,0.9574252965198238,0.9366009929408434,0.9166633507563346,0.9574252965198238,0.48179541354684063
dt,upcorr,1,0.9574252965198238,0.9366009929408434,0.9166633507563346,0.9574252965198238,0.48179541354684063
lr,ufrufs,1,0.9574252965198238,0.9366009929408434,0.9166633507563346,0.9574252965198238,0.8356192700224874
nb,ufrufs,1,0.9574252965198238,0.9366009929408434,0.9166633507563346,0.9574252965198238,0.8358787407023007
knn,ufrufs,1,0.7282589153177168,0.8090858119372928,0.9454269724276776,0.7282589153177168,0.794332480786814
rf,ufrufs,1,0.9574252965198238,0.9366009929408434,0.9166633507563346,0.9574252965198238,0.8123000840190773
dt,ufrufs,1,0.9574252965198238,0.9366009929408434,0.9166633507563346,0.9574252965198238,0.8128290335334963
lr,corr,2,0.9574252965198238,0.9366009929408434,0.9166633507563346,0.9574252965198238,0.8422368843749227
nb,corr,2,0.9028320160441463,0.9163073885825002,0.9321624540537433,0.9028320160441463,0.8336463043961746
knn,corr,2,0.8307249138935082,0.87509320346596,0.9381882750216495,0.8307249138935082,0.7442024983319742
rf,corr,2,0.9570179645442636,0.936764549086028,0.918964106972739,0.9570179645442636,0.7653014802184497
dt,corr,2,0.9570179645442636,0.936764549086028,0.918964106972739,0.9570179645442636,0.7671086935033484
lr,tree,2,0.9574252965198238,0.9366009929408434,0.9166633507563346,0.9574252965198238,0.8445610003212494
nb,tree,2,0.9284999512115115,0.9292066697901328,0.9299479508596324,0.9284999512115115,0.8348183705241308
knn,tree,2,0.952944021956896,0.9364294504389475,0.9252369285840392,0.952944021956896,0.6545054612400227
rf,tree,2,0.9433692292041662,0.9342824413948824,0.9269845052816599,0.9433692292041662,0.7337842563076087
dt,tree,2,0.9209616107259935,0.9230050177460634,0.9251157640778229,0.9209616107259935,0.5425699953048162
lr,var,2,0.9574252965198238,0.9366009929408434,0.9166633507563346,0.9574252965198238,0.5597719129166976
nb,var,2,0.9574252965198238,0.9366009929408434,0.9166633507563346,0.9574252965198238,0.5561408060889119
knn,var,2,0.216541373676223,0.30065657655443684,0.9486181000911886,0.216541373676223,0.5708699063434404
rf,var,2,0.9574252965198238,0.9366009929408434,0.9166633507563346,0.9574252965198238,0.6266590061037388
dt,var,2,0.9574252965198238,0.9366009929408434,0.9166633507563346,0.9574252965198238,0.6275304569155113
lr,lrs,2,0.9574252965198238,0.9366009929408434,0.9166633507563346,0.9574252965198238,0.8445610003212494
nb,lrs,2,0.9284999512115115,0.9292066697901328,0.9299479508596324,0.9284999512115115,0.8348183705241308
knn,lrs,2,0.952944021956896,0.9364294504389475,0.9252369285840392,0.952944021956896,0.6545054612400227
rf,lrs,2,0.9437769764009044,0.9352084900304101,0.9282770927066997,0.9437769764009044,0.7311709541107568
dt,lrs,2,0.9219791102225378,0.9234458779675501,0.9249467598850503,0.9219791102225378,0.540860454197247
lr,rfe,2,0.9574252965198238,0.9366009929408434,0.9166633507563346,0.9574252965198238,0.6250098845973262
nb,rfe,2,0.9478505037670942,0.9353415903519909,0.9256197370371776,0.9478505037670942,0.6730925198309734
knn,rfe,2,0.9570177569336746,0.9363972121569377,0.9166468311226416,0.9570177569336746,0.510936133145526
rf,rfe,2,0.9541662254941651,0.9349688335673744,0.9165297414286743,0.9541662254941651,0.5364566189734845
dt,rfe,2,0.918924950848193,0.9189015678361055,0.918912191953762,0.918924950848193,0.5027554550621494
lr,bor,2,0.9574252965198238,0.9366009929408434,0.9166633507563346,0.9574252965198238,0.8445610003212494
nb,bor,2,0.9284999512115115,0.9292066697901328,0.9299479508596324,0.9284999512115115,0.8348183705241308
knn,bor,2,0.952944021956896,0.9364294504389475,0.9252369285840392,0.952944021956896,0.6545054612400227
rf,bor,2,0.9427588540725932,0.9337176135951439,0.9261757640672471,0.9427588540725932,0.7362901870660045
dt,bor,2,0.9213683198697866,0.923245679823075,0.9251869772171608,0.9213683198697866,0.5427827612622631
lr,lass,2,0.9574252965198238,0.9366009929408434,0.9166633507563346,0.9574252965198238,0.8344570884918575
nb,lass,2,0.9574252965198238,0.9366009929408434,0.9166633507563346,0.9574252965198238,0.8331342822546766
knn,lass,2,0.8712563139570371,0.8995178417251003,0.9368153498930202,0.8712563139570371,0.7632941038376948
rf,lass,2,0.9574252965198238,0.9366009929408434,0.9166633507563346,0.9574252965198238,0.7726791583265376
dt,lass,2,0.9574252965198238,0.9366009929408434,0.9166633507563346,0.9574252965198238,0.7726170089208491
lr,muin,2,0.9574252965198238,0.9366009929408434,0.9166633507563346,0.9574252965198238,0.834881075938419
nb,muin,2,0.9574252965198238,0.9366009929408434,0.9166633507563346,0.9574252965198238,0.8069784639335756
knn,muin,2,0.7553516819571866,0.8273171210589604,0.9412074649193236,0.7553516819571866,0.771118565744928
rf,muin,2,0.9574252965198238,0.9369854519890677,0.9211189791423908,0.9574252965198238,0.796590369931055
dt,muin,2,0.9574252965198238,0.9369854519890677,0.9211189791423908,0.9574252965198238,0.7907077989472905
lr,chi,2,0.9574252965198238,0.9366009929408434,0.9166633507563346,0.9574252965198238,0.653704129290533
nb,chi,2,0.9242235882998976,0.9269616064684245,0.9299274266433251,0.9242235882998976,0.6561514320310377
knn,chi,2,0.0425747034801763,0.0034774402284543674,0.0018127577166874094,0.0425747034801763,0.49353399065905557
rf,chi,2,0.9574252965198238,0.9366009929408434,0.9166633507563346,0.9574252965198238,0.6556397805619394
dt,chi,2,0.9574252965198238,0.9366009929408434,0.9166633507563346,0.9574252965198238,0.6556397805619394
lr,rfc,2,0.9574252965198238,0.9366009929408434,0.9166633507563346,0.9574252965198238,0.6250098845973262
nb,rfc,2,0.9478505037670942,0.9353415903519909,0.9256197370371776,0.9478505037670942,0.6730925198309734
knn,rfc,2,0.9570177569336746,0.9363972121569377,0.9166468311226416,0.9570177569336746,0.510936133145526
rf,rfc,2,0.9537588935186051,0.9347643080597525,0.9165129110614278,0.9537588935186051,0.544899671337139
dt,rfc,2,0.91933290565552,0.9192821002604139,0.9192755115515727,0.91933290565552,0.5052427904218251
lr,ulap,2,0.9574252965198238,0.9366009929408434,0.9166633507563346,0.9574252965198238,0.4762520078088318
nb,ulap,2,0.9574252965198238,0.9366009929408434,0.9166633507563346,0.9574252965198238,0.4762520078088318
knn,ulap,2,0.0425747034801763,0.0034774402284543674,0.0018127577166874094,0.0425747034801763,0.5
rf,ulap,2,0.9574252965198238,0.9366009929408434,0.9166633507563346,0.9574252965198238,0.47212840091926755
dt,ulap,2,0.9574252965198238,0.9366009929408434,0.9166633507563346,0.9574252965198238,0.4758011466132898
lr,uilap,2,0.9574252965198238,0.9366009929408434,0.9166633507563346,0.9574252965198238,0.8422368843749227
nb,uilap,2,0.9028320160441463,0.9163073885825002,0.9321624540537433,0.9028320160441463,0.8336463043961746
knn,uilap,2,0.8178881435668746,0.8670884115752819,0.9371170415539606,0.8178881435668746,0.7271466256455877
rf,uilap,2,0.9566106325687034,0.9369281052312125,0.9212648631891434,0.9566106325687034,0.7672920527837497
dt,uilap,2,0.9570179645442636,0.936764549086028,0.918964106972739,0.9570179645442636,0.7671086935033484
lr,ucos,2,0.9574252965198238,0.9366009929408434,0.9166633507563346,0.9574252965198238,0.5597719129166976
nb,ucos,2,0.9574252965198238,0.9366009929408434,0.9166633507563346,0.9574252965198238,0.5561408060889119
knn,ucos,2,0.216541373676223,0.30065657655443684,0.9486181000911886,0.216541373676223,0.5708699063434404
rf,ucos,2,0.9574252965198238,0.9366009929408434,0.9166633507563346,0.9574252965198238,0.6273694615365606
dt,ucos,2,0.9574252965198238,0.9366009929408434,0.9166633507563346,0.9574252965198238,0.6275304569155113
lr,upcorr,2,0.9574252965198238,0.9366009929408434,0.9166633507563346,0.9574252965198238,0.8344570884918575
nb,upcorr,2,0.9574252965198238,0.9366009929408434,0.9166633507563346,0.9574252965198238,0.8331342822546766
knn,upcorr,2,0.8712563139570371,0.8995178417251003,0.9368153498930202,0.8712563139570371,0.7632941038376948
rf,upcorr,2,0.9574252965198238,0.9366009929408434,0.9166633507563346,0.9574252965198238,0.7728168013443052
dt,upcorr,2,0.9574252965198238,0.9366009929408434,0.9166633507563346,0.9574252965198238,0.7726170089208491
lr,ufrufs,2,0.9574252965198238,0.9366009929408434,0.9166633507563346,0.9574252965198238,0.8445610003212494
nb,ufrufs,2,0.9284999512115115,0.9292066697901328,0.9299479508596324,0.9284999512115115,0.8348183705241308
knn,ufrufs,2,0.952944021956896,0.9364294504389475,0.9252369285840392,0.952944021956896,0.6545054612400227
rf,ufrufs,2,0.9431653556057974,0.9336441352943542,0.9257772870547705,0.9431653556057974,0.7428558455037438
dt,ufrufs,2,0.9213685274803757,0.9229067856953945,0.9245054493363097,0.9213685274803757,0.5382285566016755
lr,corr,3,0.9574252965198238,0.9366009929408434,0.9166633507563346,0.9574252965198238,0.8475397237255047
nb,corr,3,0.8969254947879362,0.9141147424139087,0.9355170318667272,0.8969254947879362,0.8345513628388563
knn,corr,3,0.9521283199528309,0.9339454566339962,0.9164466236698654,0.9521283199528309,0.6440526849037488
rf,corr,3,0.9466278850086469,0.9356373966845872,0.9269507947901763,0.9466278850086469,0.7367542689104701
dt,corr,3,0.9223874802510427,0.9234953146649761,0.9246254326067858,0.9223874802510427,0.5387986507524649
lr,tree,3,0.9574252965198238,0.9366009929408434,0.9166633507563346,0.9574252965198238,0.8440282205253663
nb,tree,3,0.9274818288832003,0.9290281214039124,0.9306670713138008,0.9274818288832003,0.83018990782613
knn,tree,3,0.9529442295674849,0.9373384605941526,0.9270051179222376,0.9529442295674849,0.6482135443694862
rf,tree,3,0.953962559506385,0.9352262051925416,0.9184113118083624,0.953962559506385,0.7669709887068475
dt,tree,3,0.9223887259145765,0.9236000460320296,0.9248733626060245,0.9223887259145765,0.541189364173277
lr,var,3,0.9574252965198238,0.9366009929408434,0.9166633507563346,0.9574252965198238,0.553918439716312
nb,var,3,0.9574252965198238,0.9366009929408434,0.9166633507563346,0.9574252965198238,0.5584447203894533
knn,var,3,0.26135785629610253,0.36595242965525154,0.9343790626592968,0.26135785629610253,0.5615814737934613
rf,var,3,0.9574252965198238,0.9366009929408434,0.9166633507563346,0.9574252965198238,0.576583944942793
dt,var,3,0.9574252965198238,0.9366009929408434,0.9166633507563346,0.9574252965198238,0.5782748906516422
lr,lrs,3,0.9574252965198238,0.9366009929408434,0.9166633507563346,0.9574252965198238,0.8475397237255047
nb,lrs,3,0.8969254947879362,0.9141147424139087,0.9355170318667272,0.8969254947879362,0.8345513628388563
knn,lrs,3,0.9521283199528309,0.9339454566339962,0.9164466236698654,0.9521283199528309,0.6440526849037488
rf,lrs,3,0.9468317586070161,0.9357646919603297,0.9271075001749314,0.9468317586070161,0.7342858378431808
dt,lrs,3,0.923202559423341,0.9238958102218362,0.924649574113196,0.923202559423341,0.5392241826673586
lr,rfe,3,0.9574252965198238,0.9366009929408434,0.9166633507563346,0.9574252965198238,0.8440282205253663
nb,rfe,3,0.9274818288832003,0.9290281214039124,0.9306670713138008,0.9274818288832003,0.83018990782613
knn,rfe,3,0.9529442295674849,0.9373384605941526,0.9270051179222376,0.9529442295674849,0.6482135443694862
rf,rfe,3,0.953962559506385,0.935953436873221,0.9232223371861501,0.953962559506385,0.7607222551708801
dt,rfe,3,0.9227956426689587,0.9243469328300232,0.9259613606511742,0.9227956426689587,0.5482258383374108
lr,bor,3,0.9574252965198238,0.9366009929408434,0.9166633507563346,0.9574252965198238,0.8440282205253663
nb,bor,3,0.9274818288832003,0.9290281214039124,0.9306670713138008,0.9274818288832003,0.83018990782613
knn,bor,3,0.9529442295674849,0.9373384605941526,0.9270051179222376,0.9529442295674849,0.6482135443694862
rf,bor,3,0.953758685908016,0.9354912792843821,0.920720554857142,0.953758685908016,0.7695739738552401
dt,bor,3,0.9225919766811789,0.9235850359770875,0.924658902960671,0.9225919766811789,0.5389631057404799
lr,lass,3,0.9574252965198238,0.9366009929408434,0.9166633507563346,0.9574252965198238,0.8409329824301283
nb,lass,3,0.9028322236547354,0.9162995150168618,0.9321546023581622,0.9028322236547354,0.831593397088986
knn,lass,3,0.9012024805313171,0.9131383620120637,0.9263808114238244,0.9012024805313171,0.7205122692564312
rf,lass,3,0.954573765080314,0.9369592329810061,0.9282129562240626,0.954573765080314,0.7410493117849112
dt,lass,3,0.9549813046664631,0.9368260207295795,0.9266867764569626,0.9549813046664631,0.7232655002841821
lr,muin,3,0.9574252965198238,0.9366009929408434,0.9166633507563346,0.9574252965198238,0.8411183186299948
nb,muin,3,0.9016102277280551,0.9146835077117679,0.9297829222348339,0.9016102277280551,0.8222623372130379
knn,muin,3,0.8441647929811011,0.8827243379751458,0.9342871816181102,0.8441647929811011,0.7247231077173992
rf,muin,3,0.9559994269947744,0.9369899631632137,0.9238425620795059,0.9559994269947744,0.755555885042133
dt,muin,3,0.9559994269947744,0.9369899631632137,0.9238425620795059,0.9559994269947744,0.7361083722539352
lr,chi,3,0.9574252965198238,0.9366009929408434,0.9166633507563346,0.9574252965198238,0.8445260335582079
nb,chi,3,0.8869454461655362,0.9086024216711092,0.9366023435469693,0.8869454461655362,0.8360496206785776
knn,chi,3,0.8592418891733153,0.89097697373511,0.9325103075218566,0.8592418891733153,0.7311356166753157
rf,chi,3,0.953962559506385,0.9375715288302278,0.9290308911579496,0.953962559506385,0.7588294783403761
dt,chi,3,0.9557955533964055,0.9376404288032536,0.934551214713329,0.9557955533964055,0.74637482393061
lr,rfc,3,0.9574252965198238,0.9366009929408434,0.9166633507563346,0.9574252965198238,0.8440282205253663
nb,rfc,3,0.9274818288832003,0.9290281214039124,0.9306670713138008,0.9274818288832003,0.83018990782613
knn,rfc,3,0.9529442295674849,0.9373384605941526,0.9270051179222376,0.9529442295674849,0.6482135443694862
rf,rfc,3,0.954573765080314,0.9362378395944756,0.9223152155125163,0.954573765080314,0.7745223268342106
dt,rfc,3,0.9221842294844406,0.923121182328542,0.9241472957265373,0.9221842294844406,0.5364757703808041
lr,ulap,3,0.9574252965198238,0.9366009929408434,0.9166633507563346,0.9574252965198238,0.5588806929102725
nb,ulap,3,0.9574252965198238,0.9366009929408434,0.9166633507563346,0.9574252965198238,0.5457260236736106
knn,ulap,3,0.16867737522084575,0.22755578960036735,0.9166369415857657,0.16867737522084575,0.48277219709887065
rf,ulap,3,0.9574252965198238,0.9366009929408434,0.9166633507563346,0.9574252965198238,0.5796555217831814
dt,ulap,3,0.9574252965198238,0.9366009929408434,0.9166633507563346,0.9574252965198238,0.5798062618924062
lr,uilap,3,0.9574252965198238,0.9366009929408434,0.9166633507563346,0.9574252965198238,0.8404836039241852
nb,uilap,3,0.9040544271920045,0.9170442658249932,0.9323043724528253,0.9040544271920045,0.8322218103640002
knn,uilap,3,0.8785934797818428,0.9007758993846142,0.9268573438659453,0.8785934797818428,0.6942132478315666
rf,uilap,3,0.9525368975919248,0.9354733618764719,0.9211807887707082,0.9525368975919248,0.7140882694541231
dt,uilap,3,0.9541662254941651,0.9366675664302214,0.9242102874296595,0.9541662254941651,0.6798041614154743
lr,ucos,3,0.9574252965198238,0.9366009929408434,0.9166633507563346,0.9574252965198238,0.553918439716312
nb,ucos,3,0.9574252965198238,0.9366009929408434,0.9166633507563346,0.9574252965198238,0.5584447203894533
knn,ucos,3,0.26135785629610253,0.36595242965525154,0.9343790626592968,0.26135785629610253,0.5615814737934613
rf,ucos,3,0.9574252965198238,0.9366009929408434,0.9166633507563346,0.9574252965198238,0.5783198037907431
dt,ucos,3,0.9574252965198238,0.9366009929408434,0.9166633507563346,0.9574252965198238,0.5782748906516422
lr,upcorr,3,0.9574252965198238,0.9366009929408434,0.9166633507563346,0.9574252965198238,0.8409329824301283
nb,upcorr,3,0.9028322236547354,0.9162995150168618,0.9321546023581622,0.9028322236547354,0.831593397088986
knn,upcorr,3,0.9012024805313171,0.9131383620120637,0.9263808114238244,0.9012024805313171,0.7205122692564312
rf,upcorr,3,0.9551849706542432,0.9373038870870684,0.9297253063175426,0.9551849706542432,0.7405671287715917
dt,upcorr,3,0.9549813046664631,0.9368260207295795,0.9266867764569626,0.9549813046664631,0.7232655002841821
lr,ufrufs,3,0.9574252965198238,0.9366009929408434,0.9166633507563346,0.9574252965198238,0.8440282205253663
nb,ufrufs,3,0.9274818288832003,0.9290281214039124,0.9306670713138008,0.9274818288832003,0.83018990782613
knn,ufrufs,3,0.9529442295674849,0.9373384605941526,0.9270051179222376,0.9529442295674849,0.6482135443694862
rf,ufrufs,3,0.9527403559691159,0.9346266737833757,0.9195008301663821,0.9527403559691159,0.7587679467220204
dt,ufrufs,3,0.9221842294844406,0.9228060158180444,0.9235004559689971,0.9221842294844406,0.5318685595670546
lr,corr,4,0.9574252965198238,0.9366009929408434,0.9166633507563346,0.9574252965198238,0.8488143425507204
nb,corr,4,0.8838885878535349,0.9068846279653089,0.9368142301303216,0.8838885878535349,0.8344196505794846
knn,corr,4,0.9531468575023201,0.9351755080179585,0.9202683917450869,0.9531468575023201,0.6378993377319792
rf,corr,4,0.9492767885133213,0.9371861053528248,0.9285025762826702,0.9492767885133213,0.7469686411149825
dt,corr,4,0.924628844169568,0.925468358786323,0.9263321196000962,0.924628844169568,0.5491832851459214
lr,tree,4,0.9574252965198238,0.9366009929408434,0.9166633507563346,0.9574252965198238,0.8440866632070575
nb,tree,4,0.9246294670013349,0.9273008298104989,0.9301186044886085,0.9246294670013349,0.8304144117429015
knn,tree,4,0.953350938711278,0.9356147290195004,0.9213659874991965,0.953350938711278,0.6892095411075692
rf,tree,4,0.953962144285207,0.9359297598302208,0.9217030982384135,0.953962144285207,0.7788288605530432
dt,tree,4,0.919536986864478,0.9218805535873535,0.924290950506327,0.919536986864478,0.5374835050782119
lr,var,4,0.9574252965198238,0.9366009929408434,0.9166633507563346,0.9574252965198238,0.5480435292954753
nb,var,4,0.9574252965198238,0.9366009929408434,0.9166633507563346,0.9574252965198238,0.5576624780685497
knn,var,4,0.40680402183232955,0.5399002570359417,0.9235772321891773,0.40680402183232955,0.5390331628240295
rf,var,4,0.9574252965198238,0.9366009929408434,0.9166633507563346,0.9574252965198238,0.5630456297724071
dt,var,4,0.9574252965198238,0.9366009929408434,0.9166633507563346,0.9574252965198238,0.5611919588800751
lr,lrs,4,0.9574252965198238,0.9366009929408434,0.9166633507563346,0.9574252965198238,0.8488143425507204
nb,lrs,4,0.8838885878535349,0.9068846279653089,0.9368142301303216,0.8838885878535349,0.8344196505794846
knn,lrs,4,0.9531468575023201,0.9351755080179585,0.9202683917450869,0.9531468575023201,0.6378993377319792
rf,lrs,4,0.9498877864766614,0.9368211817156356,0.9278076049432441,0.9498877864766614,0.7623640250080312
dt,lrs,4,0.9217762746771136,0.9237153332293891,0.9257397407985982,0.9217762746771136,0.5476939234437938
lr,rfe,4,0.9574252965198238,0.9366009929408434,0.9166633507563346,0.9574252965198238,0.8440866632070575
nb,rfe,4,0.9246294670013349,0.9273008298104989,0.9301186044886085,0.9246294670013349,0.8304144117429015
knn,rfe,4,0.953350938711278,0.9356147290195004,0.9213659874991965,0.953350938711278,0.6892095411075692
rf,rfe,4,0.9533511463218669,0.9352352503595117,0.9189944260709357,0.9533511463218669,0.7629215780759632
dt,rfe,4,0.9207591904017471,0.9228841727054732,0.9251182182886776,0.9207591904017471,0.5425547977364273
lr,bor,4,0.9574252965198238,0.9366009929408434,0.9166633507563346,0.9574252965198238,0.8440866632070575
nb,bor,4,0.9246294670013349,0.9273008298104989,0.9301186044886085,0.9246294670013349,0.8304144117429015
knn,bor,4,0.953350938711278,0.9356147290195004,0.9213659874991965,0.953350938711278,0.6892095411075692
rf,bor,4,0.9545733498591362,0.9358623712994317,0.9193497868565276,0.9545733498591362,0.7771068401413498
dt,bor,4,0.9177035777532797,0.9207805720825426,0.924023112065713,0.9177035777532797,0.5364679862604097
lr,lass,4,0.9574252965198238,0.9366009929408434,0.9166633507563346,0.9574252965198238,0.8435281216793931
nb,lass,4,0.8863340329810182,0.9082272008639224,0.9365364941225204,0.8863340329810182,0.8348174438431315
knn,lass,4,0.9150544666380165,0.9194287412765568,0.9239817549030953,0.9150544666380165,0.6925428126621691
rf,lass,4,0.9527401483585269,0.9378032446412952,0.9286947511076198,0.9527401483585269,0.7257042775594928
dt,lass,4,0.9519254844074065,0.9373285266607679,0.9276144598368241,0.9519254844074065,0.6862169174883238
lr,muin,4,0.9574252965198238,0.9366009929408434,0.9166633507563346,0.9574252965198238,0.8441530135666099
nb,muin,4,0.902833884539447,0.9163089580882826,0.9321767978881258,0.902833884539447,0.8132488200261943
knn,muin,4,0.9535546046990581,0.937019390551171,0.9253666467906762,0.9535546046990581,0.6367367855289495
rf,muin,4,0.9470366702583298,0.9357189220108568,0.9270482220807474,0.9470366702583298,0.7399548397459659
dt,muin,4,0.9240174309850498,0.9247784117714843,0.9255653364965472,0.9240174309850498,0.5443149974052932
lr,chi,4,0.9574252965198238,0.9366009929408434,0.9166633507563346,0.9574252965198238,0.8440030765809178
nb,chi,4,0.8810378868563813,0.9049105828536804,0.9357929176275755,0.8810378868563813,0.8256361356166753
knn,chi,4,0.8631113353305473,0.8930501844122485,0.9306696207879488,0.8631113353305473,0.7105928287246399
rf,chi,4,0.9543698914819452,0.9384636116160774,0.9299975324399659,0.9543698914819452,0.7454031680134431
dt,chi,4,0.9549810970558742,0.9385051059033959,0.9312062562322652,0.9549810970558742,0.7044979242345615
lr,rfc,4,0.9574252965198238,0.9366009929408434,0.9166633507563346,0.9574252965198238,0.8440866632070575
nb,rfc,4,0.9246294670013349,0.9273008298104989,0.9301186044886085,0.9246294670013349,0.8304144117429015
knn,rfc,4,0.953350938711278,0.9356147290195004,0.9213659874991965,0.953350938711278,0.6892095411075692
rf,rfc,4,0.953554812309647,0.9356613247290818,0.9201489383272354,0.953554812309647,0.778842081201967
dt,rfc,4,0.9221854751479744,0.9231205447982596,0.9241080457174299,0.9221854751479744,0.5342592729878666
lr,ulap,4,0.9574252965198238,0.9366009929408434,0.9166633507563346,0.9574252965198238,0.5480435292954753
nb,ulap,4,0.9574252965198238,0.9366009929408434,0.9166633507563346,0.9574252965198238,0.5576624780685497
knn,ulap,4,0.4124996107301457,0.5456915674489947,0.9239174838772068,0.4124996107301457,0.5532158919613511
rf,ulap,4,0.9574252965198238,0.9366009929408434,0.9166633507563346,0.9574252965198238,0.5585047693182099
dt,ulap,4,0.9574252965198238,0.9366009929408434,0.9166633507563346,0.9574252965198238,0.5611919588800751
lr,uilap,4,0.9574252965198238,0.9366009929408434,0.9166633507563346,0.9574252965198238,0.843137988978674
nb,uilap,4,0.8840937071154377,0.9067778876637329,0.936073738167145,0.8840937071154377,0.834360713667927
knn,uilap,4,0.8979448627797811,0.9106571897733818,0.9246632859678788,0.8979448627797811,0.6987390342748412
rf,uilap,4,0.9488707022012951,0.9358888112857091,0.9263773386143768,0.9488707022012951,0.7360000123557467
dt,uilap,4,0.9496853661524153,0.9368915960900305,0.9280146918422814,0.9496853661524153,0.6605894308943089
lr,ucos,4,0.9574252965198238,0.9366009929408434,0.9166633507563346,0.9574252965198238,0.5480435292954753
nb,ucos,4,0.9574252965198238,0.9366009929408434,0.9166633507563346,0.9574252965198238,0.5576624780685497
knn,ucos,4,0.40680402183232955,0.5399002570359417,0.9235772321891773,0.40680402183232955,0.5390331628240295
rf,ucos,4,0.9574252965198238,0.9366009929408434,0.9166633507563346,0.9574252965198238,0.5609506511478488
dt,ucos,4,0.9574252965198238,0.9366009929408434,0.9166633507563346,0.9574252965198238,0.5611919588800751
lr,upcorr,4,0.9574252965198238,0.9366009929408434,0.9166633507563346,0.9574252965198238,0.8435281216793931
nb,upcorr,4,0.8863340329810182,0.9082272008639224,0.9365364941225204,0.8863340329810182,0.8348174438431315
knn,upcorr,4,0.9150544666380165,0.9194287412765568,0.9239817549030953,0.9150544666380165,0.6925428126621691
rf,upcorr,4,0.9523328163829667,0.9380892182301637,0.9292328504917062,0.9523328163829667,0.7224718288976202
dt,upcorr,4,0.9519254844074065,0.9373285266607679,0.9276144598368241,0.9519254844074065,0.6862390342748412
lr,ufrufs,4,0.9574252965198238,0.9366009929408434,0.9166633507563346,0.9574252965198238,0.8427177700348432
nb,ufrufs,4,0.9254443385630442,0.9275055812042657,0.9297015573170879,0.9254443385630442,0.8280349420515482
knn,ufrufs,4,0.953962144285207,0.936626687846805,0.924933637214284,0.953962144285207,0.660692539600168
rf,ufrufs,4,0.9543700990925341,0.9371848504166431,0.927136822602001,0.9543700990925341,0.7763299725702424
dt,ufrufs,4,0.9217779355618255,0.9235677366174724,0.9254594865938207,0.9217779355618255,0.5453612820322733
lr,corr,5,0.9574252965198238,0.9366009929408434,0.9166633507563346,0.9574252965198238,0.8480460622235402
nb,corr,5,0.8757419483423332,0.901921444164798,0.9363612601082897,0.8757419483423332,0.8242402451380137
knn,corr,5,0.9533503158795111,0.9362956373804163,0.923911560461623,0.9533503158795111,0.6340048063854499
rf,corr,5,0.9482582509638322,0.9356089279440647,0.9263004703970825,0.9482582509638322,0.7385049546544098
dt,corr,5,0.9234066406322988,0.9241457181356839,0.9250064355588095,0.9234066406322988,0.5415470630390194
lr,tree,5,0.9574252965198238,0.9366009929408434,0.9166633507563346,0.9574252965198238,0.8423495687844417
nb,tree,5,0.9234070558534768,0.9262642561584489,0.92928856888309,0.9234070558534768,0.8286535942867028
knn,tree,5,0.9551847630436543,0.9380117375437415,0.9311621062054183,0.9551847630436543,0.6577703437368718
rf,tree,5,0.9543698914819452,0.9364772932578675,0.9228946347280109,0.9543698914819452,0.7883703387945733
dt,tree,5,0.9181109097288399,0.9214954833552096,0.9250094704350469,0.9181109097288399,0.5435044604245434
lr,var,5,0.9574252965198238,0.9366009929408434,0.9166633507563346,0.9574252965198238,0.6233886252996268
nb,var,5,0.9574252965198238,0.9366009929408434,0.9166633507563346,0.9574252965198238,0.6239023772456569
knn,var,5,0.5408434387787515,0.6665021668140092,0.9273401975517055,0.5408434387787515,0.5870546988904539
rf,var,5,0.9574252965198238,0.9366009929408434,0.9166633507563346,0.9574252965198238,0.5849216645661897
dt,var,5,0.9574252965198238,0.9366009929408434,0.9166633507563346,0.9574252965198238,0.5868623816937257
lr,lrs,5,0.9576291701181926,0.9370967146704887,0.9252095475895524,0.9576291701181926,0.8483622457805126
nb,lrs,5,0.8824627183284857,0.9061483379731916,0.9372015206298258,0.8824627183284857,0.8332795858353721
knn,lrs,5,0.9543690610395892,0.9384006544444923,0.9302805377614577,0.9543690610395892,0.6674461289445721
rf,lrs,5,0.9513140712228886,0.9358622630914155,0.9253622628060594,0.9513140712228886,0.7727769540613338
dt,lrs,5,0.9207596056229252,0.9225721712211884,0.924439216686725,0.9207596056229252,0.5380056589319693
lr,rfe,5,0.9574252965198238,0.9366009929408434,0.9166633507563346,0.9574252965198238,0.8423495687844417
nb,rfe,5,0.9234070558534768,0.9262642561584489,0.92928856888309,0.9234070558534768,0.8286535942867028
knn,rfe,5,0.9551847630436543,0.9380117375437415,0.9311621062054183,0.9551847630436543,0.6577703437368718
rf,rfe,5,0.9549808894452851,0.9371591527262486,0.9259499091566248,0.9549808894452851,0.8019174265450861
dt,rfe,5,0.9199434883976823,0.9229140701801409,0.9259764427134012,0.9199434883976823,0.549011046037512
lr,bor,5,0.9574252965198238,0.9366009929408434,0.9166633507563346,0.9574252965198238,0.8423495687844417
nb,bor,5,0.9234070558534768,0.9262642561584489,0.92928856888309,0.9234070558534768,0.8286535942867028
knn,bor,5,0.9551847630436543,0.9380117375437415,0.9311621062054183,0.9551847630436543,0.6577703437368718
rf,bor,5,0.9553882214208453,0.9374023099556272,0.9272643926597688,0.9553882214208453,0.7902845528455285
dt,bor,5,0.9183131224424971,0.922250487659961,0.926362473959889,0.9183131224424971,0.5527671930214743
lr,lass,5,0.9574252965198238,0.9366009929408434,0.9166633507563346,0.9574252965198238,0.842872587540465
nb,lass,5,0.880426681282452,0.9045377482919352,0.9357398860130596,0.880426681282452,0.8245509921664566
knn,lass,5,0.919332282823753,0.9220501406554789,0.9248512549056113,0.919332282823753,0.687388365828947
rf,lass,5,0.9517211955878597,0.9371156323379999,0.9273293012492602,0.9517211955878597,0.7275043862900634
dt,lass,5,0.9509075696896845,0.9366337651222885,0.9263140181653753,0.9509075696896845,0.664061951713742
lr,muin,5,0.9574252965198238,0.9366009929408434,0.9166633507563346,0.9574252965198238,0.8428981639360467
nb,muin,5,0.8840937071154377,0.9067778876637329,0.936073738167145,0.8840937071154377,0.8340885165690561
knn,muin,5,0.9394995754363455,0.9294660589977914,0.9204253529910618,0.9394995754363455,0.6693855487187091
rf,muin,5,0.9460189631511966,0.932099477678378,0.9199212666516283,0.9460189631511966,0.7142587787580003
dt,muin,5,0.9445928860155582,0.9324676339650149,0.9221748562851916,0.9445928860155582,0.6170257246645414
lr,chi,5,0.9574252965198238,0.9366009929408434,0.9166633507563346,0.9574252965198238,0.8480460622235402
nb,chi,5,0.8757419483423332,0.901921444164798,0.9363612601082897,0.8757419483423332,0.8242402451380137
knn,chi,5,0.9533503158795111,0.9362956373804163,0.923911560461623,0.9533503158795111,0.6340048063854499
rf,chi,5,0.9507022428171925,0.9373037763248862,0.9285592217489963,0.9507022428171925,0.7391455383398818
dt,chi,5,0.9221846447056186,0.9232949848011367,0.9245345633099438,0.9221846447056186,0.53863419576445
lr,rfc,5,0.9574252965198238,0.9366009929408434,0.9166633507563346,0.9574252965198238,0.8423495687844417
nb,rfc,5,0.9234070558534768,0.9262642561584489,0.92928856888309,0.9234070558534768,0.8286535942867028
knn,rfc,5,0.9551847630436543,0.9380117375437415,0.9311621062054183,0.9551847630436543,0.6577703437368718
rf,rfc,5,0.9562033005931434,0.9385374854119812,0.9314569969811203,0.9562033005931434,0.7906631329231225
dt,rfc,5,0.9187217000815909,0.9221610462021612,0.9257385273522958,0.9187217000815909,0.5483727481651717
lr,ulap,5,0.9574252965198238,0.9366009929408434,0.9166633507563346,0.9574252965198238,0.6267135567252329
nb,ulap,5,0.8922395161842834,0.9097956490661477,0.9307360812256606,0.8922395161842834,0.637307497467072
knn,ulap,5,0.480336163065661,0.6141748709299183,0.9164286183853155,0.480336163065661,0.49101372723453673
rf,ulap,5,0.9572216305320437,0.9364991555891778,0.9166550040495602,0.9572216305320437,0.5422344750043245
dt,ulap,5,0.9572216305320437,0.9364991555891778,0.9166550040495602,0.9572216305320437,0.5377326587095658
lr,uilap,5,0.9574252965198238,0.9366009929408434,0.9166633507563346,0.9574252965198238,0.6880893073368425
nb,uilap,5,0.8954987948205311,0.9109629672816073,0.9288698313779069,0.8954987948205311,0.6885376973830529
knn,uilap,5,0.4080280938648995,0.5398357949074299,0.933052231875805,0.4080280938648995,0.5698613685224998
rf,uilap,5,0.9576291701181926,0.9386174287442515,0.9408938994117694,0.9576291701181926,0.6635811896112883
dt,uilap,5,0.9576291701181926,0.9386174287442515,0.9408938994117694,0.9576291701181926,0.6566265722687621
lr,ucos,5,0.9574252965198238,0.9366009929408434,0.9166633507563346,0.9574252965198238,0.6233886252996268
nb,ucos,5,0.9574252965198238,0.9366009929408434,0.9166633507563346,0.9574252965198238,0.6239023772456569
knn,ucos,5,0.5408434387787515,0.6665021668140092,0.9273401975517055,0.5408434387787515,0.5870546988904539
rf,ucos,5,0.9574252965198238,0.9366009929408434,0.9166633507563346,0.9574252965198238,0.5899577433464304
dt,ucos,5,0.9574252965198238,0.9366009929408434,0.9166633507563346,0.9574252965198238,0.5868623816937257
lr,upcorr,5,0.9574252965198238,0.9366009929408434,0.9166633507563346,0.9574252965198238,0.842872587540465
nb,upcorr,5,0.880426681282452,0.9045377482919352,0.9357398860130596,0.880426681282452,0.8245509921664566
knn,upcorr,5,0.919332282823753,0.9220501406554789,0.9248512549056113,0.919332282823753,0.687388365828947
rf,upcorr,5,0.9513142788334775,0.9368642707888633,0.9259287481883746,0.9513142788334775,0.727332332517854
dt,upcorr,5,0.9509075696896845,0.9366337651222885,0.9263140181653753,0.9509075696896845,0.664061951713742
lr,ufrufs,5,0.9574252965198238,0.9366009929408434,0.9166633507563346,0.9574252965198238,0.8417994909432377
nb,ufrufs,5,0.9146479651048122,0.9231951222458363,0.9329099677400459,0.9146479651048122,0.8048163936046656
knn,ufrufs,5,0.9535546046990581,0.9367333111905343,0.9262174388824166,0.9535546046990581,0.653611522969333
rf,ufrufs,5,0.9553886366420233,0.9377282157336188,0.9294394134901814,0.9553886366420233,0.77777330911607
dt,ufrufs,5,0.9195347031479993,0.9221442289763834,0.924852592782407,0.9195347031479993,0.5418584278547953
lr,corr,6,0.9574255041304127,0.936994877318823,0.925201200882778,0.9574255041304127,0.8477846146242618
nb,corr,6,0.8726859204726878,0.9001714737360175,0.9366180232218746,0.8726859204726878,0.8232574690488546
knn,corr,6,0.9543694762607672,0.9378229592838225,0.9289050877152464,0.9543694762607672,0.6723926903402774
rf,corr,6,0.9519248615756398,0.9368541286998013,0.9276686755317266,0.9519248615756398,0.773944942792893
dt,corr,6,0.9213714340286211,0.9230272623470526,0.9247459372852023,0.9213714340286211,0.5384409518867226
lr,tree,6,0.9574252965198238,0.9366009929408434,0.9166633507563346,0.9574252965198238,0.842192650801888
nb,tree,6,0.9242221350257749,0.9267554909286165,0.9294376353948774,0.9242221350257749,0.828724639829985
knn,tree,6,0.9533515615430449,0.9349119376189264,0.9181011345670145,0.9533515615430449,0.646854782909531
rf,tree,6,0.9555918874086254,0.9364351344126399,0.9226487568594364,0.9555918874086254,0.7901831121654681
dt,tree,6,0.9170909189052278,0.9215790282453732,0.9263148921750313,0.9170909189052278,0.5520708231398423
lr,var,6,0.9574252965198238,0.9366009929408434,0.9166633507563346,0.9574252965198238,0.6759807373909605
nb,var,6,0.8954987948205311,0.9109629672816073,0.9288698313779069,0.8954987948205311,0.692684347740134
knn,var,6,0.6168266306254685,0.7288415227466739,0.921906577143212,0.6168266306254685,0.5479580275286036
rf,var,6,0.9562033005931434,0.9378603704182279,0.9316672317551813,0.9562033005931434,0.5676026762547262
dt,var,6,0.9562033005931434,0.9378603704182279,0.9316672317551813,0.9562033005931434,0.5607493142560604
lr,lrs,6,0.9578328361059729,0.9375920555920612,0.933950326323172,0.9578328361059729,0.846510613586379
nb,lrs,6,0.8806297244384653,0.9050534741047656,0.9370547832962204,0.8806297244384653,0.8324506387921022
knn,lrs,6,0.9517222336408047,0.935464867170697,0.9240735521642767,0.9517222336408047,0.6733579830479156
rf,lrs,6,0.9527403559691159,0.9359629863760655,0.9236034976221834,0.9527403559691159,0.7858033706476883
dt,lrs,6,0.9195359488115331,0.9226479029399013,0.9258716328478567,0.9195359488115331,0.5488563520893567
lr,rfe,6,0.9574252965198238,0.9366009929408434,0.9166633507563346,0.9574252965198238,0.842192650801888
nb,rfe,6,0.9242221350257749,0.9267554909286165,0.9294376353948774,0.9242221350257749,0.828724639829985
knn,rfe,6,0.9533515615430449,0.9349119376189264,0.9181011345670145,0.9533515615430449,0.646854782909531
rf,rfe,6,0.9559992193841855,0.9369824730228327,0.923415306328914,0.9559992193841855,0.7900493612078978
dt,rfe,6,0.9187208696392352,0.9226254824641126,0.9267449018623107,0.9187208696392352,0.5553126003904415
lr,bor,6,0.9574252965198238,0.9366009929408434,0.9166633507563346,0.9574252965198238,0.841093112906813
nb,bor,6,0.9242221350257749,0.9268943267626956,0.929730117879078,0.9242221350257749,0.8278666567820693
knn,bor,6,0.9547772234575053,0.9363616037206416,0.922746849069321,0.9547772234575053,0.64121290187066
rf,bor,6,0.9553884290314343,0.9359573743015632,0.9196100528813849,0.9553884290314343,0.7747929176860157
dt,bor,6,0.9179068285198818,0.9215398658070757,0.9253209158024562,0.9179068285198818,0.5456145748387575
lr,lass,6,0.9574252965198238,0.9366009929408434,0.9166633507563346,0.9574252965198238,0.8411781822225517
nb,lass,6,0.8818527584180904,0.9054056282536637,0.935860548603061,0.8818527584180904,0.8229887315590482
knn,lass,6,0.9392961170591544,0.9305668783279503,0.9227624155418177,0.9392961170591544,0.6741259544814293
rf,lass,6,0.9458134286681158,0.9342179257019645,0.9254336361403448,0.9458134286681158,0.7251085452343886
dt,lass,6,0.9435728951919463,0.9340428912616632,0.9259279566014461,0.9435728951919463,0.5989328959399016
lr,muin,6,0.9574252965198238,0.9366009929408434,0.9166633507563346,0.9574252965198238,0.8453344700620258
nb,muin,6,0.8832775898901947,0.9060392560757127,0.9349574647175176,0.8832775898901947,0.8198281315639905
knn,muin,6,0.9551839326012983,0.9386623236982399,0.9346222814305465,0.9551839326012983,0.6589561247436182
rf,muin,6,0.954166017883576,0.9356580589504077,0.9193329908721616,0.954166017883576,0.7833595892949812
dt,muin,6,0.9217758594559357,0.923950879869798,0.9262590321930638,0.9217758594559357,0.5498523488274396
lr,chi,6,0.9574255041304127,0.936994877318823,0.925201200882778,0.9574255041304127,0.8477846146242618
nb,chi,6,0.8726859204726878,0.9001714737360175,0.9366180232218746,0.8726859204726878,0.8232574690488546
knn,chi,6,0.9543694762607672,0.9378229592838225,0.9289050877152464,0.9543694762607672,0.6723926903402774
rf,chi,6,0.9521285275634199,0.9375756053709697,0.92890630569669,0.9521285275634199,0.7551640843156152
dt,chi,6,0.9189272345646717,0.9217600618070467,0.9247135241935623,0.9189272345646717,0.5394389255442706
lr,rfc,6,0.9574252965198238,0.9366009929408434,0.9166633507563346,0.9574252965198238,0.842192650801888
nb,rfc,6,0.9242221350257749,0.9267554909286165,0.9294376353948774,0.9242221350257749,0.828724639829985
knn,rfc,6,0.9533515615430449,0.9349119376189264,0.9181011345670145,0.9533515615430449,0.646854782909531
rf,rfc,6,0.9564065513597455,0.9375866498530196,0.9287426930058513,0.9564065513597455,0.7895308522994045
dt,rfc,6,0.9172950001141859,0.9211911247844042,0.9252590940890594,0.9172950001141859,0.5454115699211705
lr,ulap,6,0.9574252965198238,0.9366009929408434,0.9166633507563346,0.9574252965198238,0.6759807373909605
nb,ulap,6,0.8954987948205311,0.9109629672816073,0.9288698313779069,0.8954987948205311,0.692684347740134
knn,ulap,6,0.6143795246132734,0.7268925944441887,0.9220548054640233,0.6143795246132734,0.5561973954086046
rf,ulap,6,0.9553886366420233,0.9374040925114713,0.9286408828104193,0.9553886366420233,0.5740849951812588
dt,ulap,6,0.9562033005931434,0.9378603704182279,0.9316672317551813,0.9562033005931434,0.5607493142560604
lr,uilap,6,0.9574252965198238,0.9366009929408434,0.9166633507563346,0.9574252965198238,0.6759807373909605
nb,uilap,6,0.8954987948205311,0.9109629672816073,0.9288698313779069,0.8954987948205311,0.692684347740134
knn,uilap,6,0.6235517604339892,0.7338877122644405,0.9220119728375493,0.6235517604339892,0.5506287221686808
rf,uilap,6,0.9564069665809235,0.9379706871876193,0.9323882607267129,0.9564069665809235,0.5714342550720339
dt,uilap,6,0.9562033005931434,0.9378603704182279,0.9316672317551813,0.9562033005931434,0.5607493142560604
lr,ucos,6,0.9574252965198238,0.9366009929408434,0.9166633507563346,0.9574252965198238,0.6759807373909605
nb,ucos,6,0.8954987948205311,0.9109629672816073,0.9288698313779069,0.8954987948205311,0.692684347740134
knn,ucos,6,0.6168266306254685,0.7288415227466739,0.921906577143212,0.6168266306254685,0.5479580275286036
rf,ucos,6,0.9553886366420233,0.9374040925114713,0.9286408828104193,0.9553886366420233,0.5725622729631551
dt,ucos,6,0.9562033005931434,0.9378603704182279,0.9316672317551813,0.9562033005931434,0.5607493142560604
lr,upcorr,6,0.9574252965198238,0.9366009929408434,0.9166633507563346,0.9574252965198238,0.8411781822225517
nb,upcorr,6,0.8818527584180904,0.9054056282536637,0.935860548603061,0.8818527584180904,0.8229887315590482
knn,upcorr,6,0.9392961170591544,0.9305668783279503,0.9227624155418177,0.9392961170591544,0.6741259544814293
rf,upcorr,6,0.9435722723601796,0.9328987770839845,0.9237849523229638,0.9435722723601796,0.7141664195517337
dt,upcorr,6,0.9431653556057974,0.9335644068433357,0.9253082928554222,0.9431653556057974,0.5990869103219907
lr,ufrufs,6,0.9574252965198238,0.9366009929408434,0.9166633507563346,0.9574252965198238,0.8413496182074283
nb,ufrufs,6,0.9140363443097052,0.922908657701185,0.9330549462743697,0.9140363443097052,0.8054826154644525
knn,ufrufs,6,0.9555916797980364,0.9385368302825144,0.9311003528162077,0.9555916797980364,0.6463876739071341
rf,ufrufs,6,0.9564069665809235,0.9375619637409593,0.926461766548942,0.9564069665809235,0.777783811500729
dt,ufrufs,6,0.9205538635292555,0.9230367940570885,0.9256502297528832,0.9205538635292555,0.5469975535621618
lr,corr,7,0.9574255041304127,0.936994877318823,0.925201200882778,0.9574255041304127,0.8473457385029777
nb,corr,7,0.8722777580547717,0.8999643327253801,0.9365897463627668,0.8722777580547717,0.8212048088565993
knn,corr,7,0.953962144285207,0.9369570120389801,0.9264259013018336,0.953962144285207,0.6648109570761361
rf,corr,7,0.9566104249581144,0.9373465961907181,0.9299969717127761,0.9566104249581144,0.7865008525465195
dt,corr,7,0.9197416909052029,0.922443920227112,0.9253590860086887,0.9197416909052029,0.5444135962636223
lr,tree,7,0.9574252965198238,0.9366009929408434,0.9166633507563346,0.9574252965198238,0.8410321990757902
nb,tree,7,0.9240184690379948,0.9267678115890471,0.9296926541725977,0.9240184690379948,0.8277904218251908
knn,tree,7,0.9541662254941651,0.935336388672934,0.9187992547114545,0.9541662254941651,0.6023418464427805
rf,tree,7,0.9572218381426326,0.9376351893717327,0.9270421660881393,0.9572218381426326,0.7749173400548595
dt,tree,7,0.9181096640653059,0.9217112752056844,0.9254862289237067,0.9181096640653059,0.5457790298267724
lr,var,7,0.9574252965198238,0.9366009929408434,0.9166633507563346,0.9574252965198238,0.8374768947537499
nb,var,7,0.9030358896425152,0.9155481232392898,0.9299478813085429,0.9030358896425152,0.8162841945288755
knn,var,7,0.9543692686501781,0.9368615219408865,0.9264977188430645,0.9543692686501781,0.6143793090666468
rf,var,7,0.9431661860481532,0.9314289072785226,0.92104476277517,0.9431661860481532,0.722486964687276
dt,var,7,0.9280924116253624,0.9248621935859317,0.9217618489026691,0.9280924116253624,0.5365334717176958
lr,lrs,7,0.9578328361059729,0.9375920555920612,0.933950326323172,0.9578328361059729,0.8462062915461981
nb,lrs,7,0.8810370564140253,0.905302894069558,0.9370898024894002,0.8810370564140253,0.8323674846170956
knn,lrs,7,0.953962974727563,0.9362996008217598,0.9258475296383839,0.953962974727563,0.6587768428596139
rf,lrs,7,0.9539623518957961,0.935959868346842,0.9230080704810497,0.9539623518957961,0.7860697605456297
dt,lrs,7,0.9197396147993132,0.9232044157085211,0.926830811250446,0.9197396147993132,0.5558445152840585
lr,rfe,7,0.9574252965198238,0.9366009929408434,0.9166633507563346,0.9574252965198238,0.8410321990757902
nb,rfe,7,0.9240184690379948,0.9267678115890471,0.9296926541725977,0.9240184690379948,0.8277904218251908
knn,rfe,7,0.9541662254941651,0.935336388672934,0.9187992547114545,0.9541662254941651,0.6023418464427805
rf,rfe,7,0.9566104249581147,0.9369535713759995,0.9240515947410101,0.9566104249581147,0.7821588578347789
dt,rfe,7,0.9146477574942231,0.9190857533151693,0.9237042380095453,0.9146477574942231,0.5348141695702672
lr,bor,7,0.9574252965198238,0.9366009929408434,0.9166633507563346,0.9574252965198238,0.8410321990757902
nb,bor,7,0.9240184690379948,0.9267678115890471,0.9296926541725977,0.9240184690379948,0.8277904218251908
knn,bor,7,0.9541662254941651,0.935336388672934,0.9187992547114545,0.9541662254941651,0.6023418464427805
rf,bor,7,0.9568142985564835,0.9374576444542801,0.9341851180845939,0.9568142985564835,0.7793098697704302
dt,bor,7,0.9179064132987038,0.9218550088869847,0.9260120627917431,0.9179064132987038,0.5502217856525069
lr,lass,7,0.9574252965198238,0.9366009929408434,0.9166633507563346,0.9574252965198238,0.8407195986853486
nb,lass,7,0.8816488848197214,0.9052844366820786,0.9358403229179684,0.8816488848197214,0.8227679343662737
knn,lass,7,0.948462747393968,0.932710347122869,0.9179786492364302,0.948462747393968,0.6596001062594212
rf,lass,7,0.9433694368147553,0.9328240642729293,0.9238495313701455,0.9433694368147553,0.728211320335088
dt,lass,7,0.9356288836155798,0.9284729021334798,0.9218016487164507,0.9356288836155798,0.5655857241703115
lr,muin,7,0.9576291701181926,0.9374811737187129,0.9296651759756086,0.9576291701181926,0.84579138557343
nb,muin,7,0.8732975412677948,0.9006363881529392,0.9369484990179509,0.8732975412677948,0.8226673585884795
knn,muin,7,0.9527401483585269,0.9363130588422626,0.9250249538480958,0.9527401483585269,0.6572533175179776
rf,muin,7,0.9535550199202361,0.9382788720225055,0.9290346243615693,0.9535550199202361,0.7772279882373292
dt,muin,7,0.9205546939716113,0.9230698221351732,0.9257297864071428,0.9205546939716113,0.5470556255714534
lr,chi,7,0.9576291701181926,0.9374811737187129,0.9296651759756086,0.9576291701181926,0.84579138557343
nb,chi,7,0.8732975412677948,0.9006363881529392,0.9369484990179509,0.8732975412677948,0.8226673585884795
knn,chi,7,0.9527401483585269,0.9363130588422626,0.9250249538480958,0.9527401483585269,0.6572533175179776
rf,chi,7,0.953759101129194,0.9377947915543438,0.9290435122354967,0.953759101129194,0.7765332246027628
dt,chi,7,0.9197404452416691,0.9228896251187582,0.9262225686135057,0.9197404452416691,0.5511792324610175
lr,rfc,7,0.9574252965198238,0.9366009929408434,0.9166633507563346,0.9574252965198238,0.8410321990757902
nb,rfc,7,0.9240184690379948,0.9267678115890471,0.9296926541725977,0.9240184690379948,0.8277904218251908
knn,rfc,7,0.9541662254941651,0.935336388672934,0.9187992547114545,0.9541662254941651,0.6023418464427805
rf,rfc,7,0.9568142985564835,0.93702995228799,0.9211772326998251,0.9568142985564835,0.7755831294635135
dt,rfc,7,0.9168870453068589,0.9209486418504795,0.9252266956284825,0.9168870453068589,0.5451407319544319
lr,ulap,7,0.9574252965198238,0.9366009929408434,0.9166633507563346,0.9574252965198238,0.7076954679121259
nb,ulap,7,0.873704042800999,0.9002791875652459,0.9346233570840369,0.873704042800999,0.7255938789631056
knn,ulap,7,0.674070060269354,0.7708152068496321,0.9194354074527041,0.674070060269354,0.5429423975090815
rf,ulap,7,0.9560000498265413,0.9391022478772284,0.9334705711214172,0.9560000498265413,0.6026187387253812
dt,ulap,7,0.953963389948741,0.9372508247139575,0.9273152593697377,0.953963389948741,0.5658909111127585
lr,uilap,7,0.9574252965198238,0.9366009929408434,0.9166633507563346,0.9574252965198238,0.8374768947537499
nb,uilap,7,0.9030358896425152,0.9155481232392898,0.9299478813085429,0.9030358896425152,0.8162841945288755
knn,uilap,7,0.9543692686501781,0.9368615219408865,0.9264977188430645,0.9543692686501781,0.6144171176514197
rf,uilap,7,0.941128695727997,0.9302971655332343,0.9204245320144915,0.941128695727997,0.7157583339511207
dt,uilap,7,0.9272771248424755,0.9244192129601947,0.9216952157367306,0.9272771248424755,0.5339547656114859
lr,ucos,7,0.9574252965198238,0.9366009929408434,0.9166633507563346,0.9574252965198238,0.8374768947537499
nb,ucos,7,0.9030358896425152,0.9155481232392898,0.9299478813085429,0.9030358896425152,0.8162841945288755
knn,ucos,7,0.9543692686501781,0.9368615219408865,0.9264977188430645,0.9543692686501781,0.6143793090666468
rf,ucos,7,0.9413323617157768,0.9304240675869939,0.920556985103312,0.9413323617157768,0.7231571403859937
dt,ucos,7,0.9284993283797448,0.925103186895339,0.9218773227358857,0.9284993283797448,0.5387192650801887
lr,upcorr,7,0.9574252965198238,0.9366009929408434,0.9166633507563346,0.9574252965198238,0.8407195986853486
nb,upcorr,7,0.8816488848197214,0.9052844366820786,0.9358403229179684,0.8816488848197214,0.8227679343662737
knn,upcorr,7,0.948462747393968,0.932710347122869,0.9179786492364302,0.948462747393968,0.6596001062594212
rf,upcorr,7,0.9441847235976425,0.9327234119115626,0.922834167936727,0.9441847235976425,0.7199661452541577
dt,upcorr,7,0.9358329648245378,0.9288294516998169,0.922332040015017,0.9358329648245378,0.5658885017421602
lr,ufrufs,7,0.9574252965198238,0.9366009929408434,0.9166633507563346,0.9574252965198238,0.8412633750957571
nb,ufrufs,7,0.9144434686746763,0.9230351715984728,0.9328252809160965,0.9144434686746763,0.8054477722588776
knn,ufrufs,7,0.9545733498591362,0.9362762458241971,0.9249247408724453,0.9545733498591362,0.6463753181604764
rf,ufrufs,7,0.9570179645442636,0.9375419466002024,0.9285880460096081,0.9570179645442636,0.774134850619023
dt,ufrufs,7,0.917498250880788,0.9209738692165633,0.9245995816107205,0.917498250880788,0.5408526700768528
lr,corr,8,0.9574255041304127,0.9373705875850646,0.9282313327774883,0.9574255041304127,0.8454191069266315
nb,corr,8,0.8722779656653608,0.900033733818731,0.93685496367618,0.8722779656653608,0.8211754021795536
knn,corr,8,0.953554397088469,0.9364153128784837,0.9250733490608252,0.953554397088469,0.6552386512466948
rf,corr,8,0.9545733498591362,0.9355327802119378,0.9184367145447055,0.9545733498591362,0.7924542219586329
dt,corr,8,0.9203522736473652,0.9231127975783581,0.926055122011193,0.9203522736473652,0.5491076679763758
lr,tree,8,0.9574252965198238,0.9366009929408434,0.9166633507563346,0.9574252965198238,0.8439364173276991
nb,tree,8,0.8908140618804122,0.910555875219304,0.9354074127476963,0.8908140618804122,0.829044406553488
knn,tree,8,0.9545735574697252,0.9351729335894117,0.9165465032926509,0.9545735574697252,0.5761296859169198
rf,tree,8,0.9572216305320437,0.9376525930434896,0.9299250590118389,0.9572216305320437,0.7849969110633355
dt,tree,8,0.9158680925361917,0.9204287570509126,0.9252645720617714,0.9158680925361917,0.5445507450515235
lr,var,8,0.9574252965198238,0.9366009929408434,0.9166633507563346,0.9574252965198238,0.8403493587367485
nb,var,8,0.8806305548808211,0.9046542688462296,0.9357519634473179,0.8806305548808211,0.8207730372896433
knn,var,8,0.9555916797980364,0.9385127709952222,0.9301072993407455,0.9555916797980364,0.6073590827093682
rf,var,8,0.9437771840114934,0.9317233758700194,0.9210018989177507,0.9437771840114934,0.7297977364272124
dt,var,8,0.9232052583609974,0.9233027638302099,0.9235433561089359,0.9232052583609974,0.5341939110880471
lr,lrs,8,0.9576291701181926,0.9374811737187129,0.9296651759756086,0.9576291701181926,0.8457272592482765
nb,lrs,8,0.880426681282452,0.9049767142625627,0.9373004006736732,0.880426681282452,0.830743198161465
knn,lrs,8,0.954166848325932,0.9371127647627556,0.9286909258130709,0.954166848325932,0.6432209578174809
rf,lrs,8,0.9557955533964055,0.9361614738250505,0.9196270057918898,0.9557955533964055,0.7899257419625869
dt,lrs,8,0.9162777082282304,0.9209424213653336,0.9259582503114343,0.9162777082282304,0.5516452912249488
lr,rfe,8,0.9574252965198238,0.9366009929408434,0.9166633507563346,0.9574252965198238,0.8439364173276991
nb,rfe,8,0.8908140618804122,0.910555875219304,0.9354074127476963,0.8908140618804122,0.829044406553488
knn,rfe,8,0.9545735574697252,0.9351729335894117,0.9165465032926509,0.9545735574697252,0.5761296859169198
rf,rfe,8,0.9564067589703346,0.9364671688955353,0.9195876026140841,0.9564067589703346,0.7882381323053351
dt,rfe,8,0.9168882909703926,0.9211165180326766,0.9255487019920894,0.9168882909703926,0.5474733733659525
lr,bor,8,0.9574252965198238,0.9366009929408434,0.9166633507563346,0.9574252965198238,0.8439364173276991
nb,bor,8,0.8908140618804122,0.910555875219304,0.9354074127476963,0.8908140618804122,0.829044406553488
knn,bor,8,0.9545735574697252,0.9351729335894117,0.9165465032926509,0.9545735574697252,0.5761296859169198
rf,bor,8,0.9568140909458945,0.9366708435988663,0.9196042960276332,0.9568140909458945,0.7758354955889986
dt,bor,8,0.9164809589948326,0.9209006985075157,0.9256241027798611,0.9164809589948326,0.5472606074085057
lr,lass,8,0.9576289625076038,0.937096333862416,0.9254041294899542,0.9576289625076038,0.8449540366224332
nb,lass,8,0.874927284391213,0.9016104796609113,0.9370708900990644,0.874927284391213,0.822661057157684
knn,lass,8,0.9547768082363273,0.935650054558451,0.9195852966057403,0.9547768082363273,0.6479668001087304
rf,lass,8,0.9543694762607672,0.9372114008543553,0.9272765076484317,0.9543694762607672,0.7614970840437887
dt,lass,8,0.9179074513516488,0.922428388107796,0.9272304964170385,0.9179074513516488,0.5593200632614229
lr,muin,8,0.9576291701181926,0.9370967146704887,0.9252095475895524,0.9576291701181926,0.8471099908567474
nb,muin,8,0.8724816316531407,0.9000879528247012,0.9366081736021361,0.8724816316531407,0.8212255665109842
knn,muin,8,0.95294319151454,0.9354187533513925,0.9225094605212505,0.95294319151454,0.6320902834408284
rf,muin,8,0.9568140909458946,0.9378159827984603,0.9323228192039885,0.9568140909458946,0.7911165270467294
dt,muin,8,0.9187214924710021,0.9217983341440286,0.9250537089782611,0.9187214924710021,0.5438236093607137
lr,chi,8,0.9574255041304127,0.9373705875850646,0.9282313327774883,0.9574255041304127,0.8454191069266315
nb,chi,8,0.8722779656653608,0.900033733818731,0.93685496367618,0.8722779656653608,0.8211754021795536
knn,chi,8,0.953554397088469,0.9364153128784837,0.9250733490608252,0.953554397088469,0.6552386512466948
rf,chi,8,0.9559996346053634,0.9358877069910492,0.916604855620333,0.9559996346053634,0.7921801714977638
dt,chi,8,0.9197398224099022,0.922451082260087,0.9252837397622455,0.9197398224099022,0.5442393802357477
lr,rfc,8,0.9574252965198238,0.9366009929408434,0.9166633507563346,0.9574252965198238,0.8439364173276991
nb,rfc,8,0.8908140618804122,0.910555875219304,0.9354074127476963,0.8908140618804122,0.829044406553488
knn,rfc,8,0.9545735574697252,0.9351729335894117,0.9165465032926509,0.9545735574697252,0.5761296859169198
rf,rfc,8,0.9570177569336746,0.9371750686944942,0.9298348745014472,0.9570177569336746,0.7840298267724318
dt,rfc,8,0.9160727965769165,0.920659298050331,0.9255192279240037,0.9160727965769165,0.5470478414510589
lr,ulap,8,0.9574252965198238,0.9366009929408434,0.9166633507563346,0.9574252965198238,0.8403493587367485
nb,ulap,8,0.8806305548808211,0.9046542688462296,0.9357519634473179,0.8806305548808211,0.8207730372896433
knn,ulap,8,0.9557955533964055,0.9386299658636025,0.9305132085453286,0.9557955533964055,0.6123829910791508
rf,ulap,8,0.9437771840114932,0.9314627375346344,0.9204641881638637,0.9437771840114932,0.7410920008896138
dt,ulap,8,0.9227970959430815,0.9232153470441485,0.923734456596096,0.9227970959430815,0.5375140855511897
lr,uilap,8,0.9574252965198238,0.9366009929408434,0.9166633507563346,0.9574252965198238,0.8403493587367485
nb,uilap,8,0.8806305548808211,0.9046542688462296,0.9357519634473179,0.8806305548808211,0.8207730372896433
knn,uilap,8,0.9557955533964055,0.9386299658636025,0.9305132085453286,0.9557955533964055,0.6104158944325005
rf,uilap,8,0.9433700596465222,0.9315395201264011,0.9210986873766233,0.9433700596465222,0.750990436652087
dt,uilap,8,0.9242240035210756,0.9247926632841519,0.925496549879739,0.9242240035210756,0.5446934539254207
lr,ucos,8,0.9574252965198238,0.9366009929408434,0.9166633507563346,0.9574252965198238,0.8403493587367485
nb,ucos,8,0.8806305548808211,0.9046542688462296,0.9357519634473179,0.8806305548808211,0.8207730372896433
knn,ucos,8,0.9555916797980364,0.9385127709952222,0.9301072993407455,0.9555916797980364,0.6073590827093682
rf,ucos,8,0.9443888048066004,0.9320507800680108,0.9212259949335586,0.9443888048066004,0.7484344651197272
dt,ucos,8,0.9232048431398194,0.9232520463613951,0.9234116561729271,0.9232048431398194,0.5374359972323128
lr,upcorr,8,0.9576289625076038,0.937096333862416,0.9254041294899542,0.9576289625076038,0.8449540366224332
nb,upcorr,8,0.874927284391213,0.9016104796609113,0.9370708900990644,0.874927284391213,0.822661057157684
knn,upcorr,8,0.9547768082363273,0.935650054558451,0.9195852966057403,0.9547768082363273,0.6479668001087304
rf,upcorr,8,0.953554812309647,0.9367295426307229,0.9250349615555027,0.953554812309647,0.7621471816541873
dt,upcorr,8,0.9154617986135765,0.9211354661891011,0.927196758874226,0.9154617986135765,0.560318036918971
lr,ufrufs,8,0.9574252965198238,0.9366009929408434,0.9166633507563346,0.9574252965198238,0.8401480218449603
nb,ufrufs,8,0.9134251387357761,0.922427629953571,0.9326950628900026,0.9134251387357761,0.8047969950824129
knn,ufrufs,8,0.9553884290314343,0.9370511365117393,0.9270563227550387,0.9553884290314343,0.6011820125040156
rf,ufrufs,8,0.9570179645442636,0.9367818375953757,0.9210054555329522,0.9570179645442636,0.7826015024587936
dt,ufrufs,8,0.9179068285198818,0.922286178524603,0.9269047607443927,0.9179068285198818,0.5570454938591939
lr,corr,9,0.9574255041304127,0.9373705875850646,0.9282313327774883,0.9574255041304127,0.8442344379370844
nb,corr,9,0.8720745072881698,0.8998379335076951,0.9365784999335119,0.8720745072881698,0.820636073837942
knn,corr,9,0.9547772234575053,0.9374328819854835,0.9284880676509195,0.9547772234575053,0.6401023673610595
rf,corr,9,0.9559994269947744,0.9370148086441127,0.9256311559558602,0.9559994269947744,0.7896926508018879
dt,corr,9,0.9213710188074433,0.9233697081909783,0.9255131363428569,0.9213710188074433,0.545090444065535
lr,tree,9,0.9578328361059729,0.9375920555920612,0.933950326323172,0.9578328361059729,0.8444053179133615
nb,tree,9,0.8800191416963031,0.904726678507274,0.9372617962668082,0.8800191416963031,0.8300213754417178
knn,tree,9,0.9555925102403924,0.9367942849323135,0.9244095275662852,0.9555925102403924,0.6092846640472483
rf,tree,9,0.9566106325687036,0.9369625158596943,0.925444373471364,0.9566106325687036,0.7884187733214718
dt,tree,9,0.9158695458103147,0.9206546473704478,0.925701464815524,0.9158695458103147,0.5490998838559814
lr,var,9,0.9578328361059729,0.9375920555920612,0.933950326323172,0.9578328361059729,0.8444182914473523
nb,var,9,0.8732973336572059,0.9006385320717648,0.9369450891476963,0.8732973336572059,0.8222797588158253
knn,var,9,0.9562035082037325,0.9374595368648737,0.9263245701003575,0.9562035082037325,0.6073277608915907
rf,var,9,0.9557953457858165,0.9376309650642101,0.9298567308220551,0.9557953457858165,0.7921329107667977
dt,var,9,0.9174992889337329,0.9214459289273563,0.9255995891506441,0.9174992889337329,0.5476763782835397
lr,lrs,9,0.9578328361059729,0.9375920555920612,0.933950326323172,0.9578328361059729,0.8444053179133615
nb,lrs,9,0.8800191416963031,0.904726678507274,0.9372617962668082,0.8800191416963031,0.8300213754417178
knn,lrs,9,0.9555925102403924,0.9367942849323135,0.9244095275662852,0.9555925102403924,0.6092846640472483
rf,lrs,9,0.9559992193841855,0.9366391275235323,0.92266550142747,0.9559992193841855,0.7787668964835545
dt,lrs,9,0.9166844173720236,0.9216641372920412,0.9269949964582647,0.9166844173720236,0.5586817653890823
lr,rfe,9,0.9578328361059729,0.9375920555920612,0.933950326323172,0.9578328361059729,0.8444053179133615
nb,rfe,9,0.8800191416963031,0.904726678507274,0.9372617962668082,0.8800191416963031,0.8300213754417178
knn,rfe,9,0.9555925102403924,0.9367942849323135,0.9244095275662852,0.9555925102403924,0.6092846640472483
rf,rfe,9,0.9557957610069945,0.9361700102800465,0.921052276959081,0.9557957610069945,0.7890283440828328
dt,rfe,9,0.9177031625321017,0.9220945291375351,0.9268121202079882,0.9177031625321017,0.556881038871179
lr,bor,9,0.9578328361059729,0.9375920555920612,0.933950326323172,0.9578328361059729,0.8444053179133615
nb,bor,9,0.8800191416963031,0.904726678507274,0.9372617962668082,0.8800191416963031,0.8300213754417178
knn,bor,9,0.9555925102403924,0.9367942849323135,0.9244095275662852,0.9555925102403924,0.6092846640472483
rf,bor,9,0.9564071741915126,0.9368528153284366,0.9274768999447633,0.9564071741915126,0.7910110089702721
dt,bor,9,0.9132227184115298,0.9192171920622908,0.9256483846344352,0.9132227184115298,0.5500495465440977
lr,lass,9,0.9574252965198238,0.9369854519890677,0.9211189791423908,0.9574252965198238,0.844508735512887
nb,lass,9,0.8745195371944752,0.9013925645347675,0.9370450544651071,0.8745195371944752,0.8209483035559838
knn,lass,9,0.9541658102729873,0.9349685138296516,0.9165300734362217,0.9541658102729873,0.6477600884671462
rf,lass,9,0.9559992193841855,0.9362634172572907,0.9196353695327597,0.9559992193841855,0.7802802901129315
dt,lass,9,0.9168872529174479,0.9211049968661109,0.9255730671496352,0.9168872529174479,0.5473572293473695
lr,muin,9,0.9578328361059729,0.9375920555920612,0.933950326323172,0.9578328361059729,0.8444182914473523
nb,muin,9,0.8732973336572059,0.9006385320717648,0.9369450891476963,0.8732973336572059,0.8222797588158253
knn,muin,9,0.9562035082037325,0.9374595368648737,0.9263245701003575,0.9562035082037325,0.6073277608915907
rf,muin,9,0.9564063437491566,0.9376121100446484,0.9361173800518399,0.9564063437491566,0.7762673289346874
dt,muin,9,0.9164819970477774,0.9208000142862574,0.9254099928849338,0.9164819970477774,0.5472025353992142
lr,chi,9,0.9574255041304127,0.9373705875850646,0.9282313327774883,0.9574255041304127,0.8442344379370844
nb,chi,9,0.8720745072881698,0.8998379335076951,0.9365784999335119,0.8720745072881698,0.820636073837942
knn,chi,9,0.9547772234575053,0.9374328819854835,0.9284880676509195,0.9547772234575053,0.6401023673610595
rf,chi,9,0.9553884290314343,0.9363329783213927,0.9226401676898013,0.9553884290314343,0.799805149875207
dt,chi,9,0.919536156422122,0.922358756191511,0.9252845873338021,0.919536156422122,0.5441329972570242
lr,rfc,9,0.9578328361059729,0.9375920555920612,0.933950326323172,0.9578328361059729,0.8444053179133615
nb,rfc,9,0.8800191416963031,0.904726678507274,0.9372617962668082,0.8800191416963031,0.8300213754417178
knn,rfc,9,0.9555925102403924,0.9367942849323135,0.9244095275662852,0.9555925102403924,0.6092846640472483
rf,rfc,9,0.9566106325687036,0.936577996501831,0.9210855752811973,0.9566106325687036,0.7950462722712334
dt,rfc,9,0.9166850402037905,0.9206883266455611,0.9248766669747959,0.9166850402037905,0.5427017075641881
lr,ulap,9,0.9578328361059729,0.9375920555920612,0.933950326323172,0.9578328361059729,0.8444182914473523
nb,ulap,9,0.8732973336572059,0.9006385320717648,0.9369450891476963,0.8732973336572059,0.8222797588158253
knn,ulap,9,0.9562035082037325,0.9374595368648737,0.9263245701003575,0.9562035082037325,0.6073277608915907
rf,ulap,9,0.9557953457858165,0.937263415476113,0.9275392299330066,0.9557953457858165,0.7916571527417402
dt,ulap,9,0.9160742498510395,0.9204988114548904,0.9251296145705226,0.9160742498510395,0.5447152000395383
lr,uilap,9,0.9578328361059729,0.9375920555920612,0.933950326323172,0.9578328361059729,0.8444182914473523
nb,uilap,9,0.8732973336572059,0.9006385320717648,0.9369450891476963,0.8732973336572059,0.8222797588158253
knn,uilap,9,0.9562035082037325,0.9374595368648737,0.9263245701003575,0.9562035082037325,0.6073277608915907
rf,uilap,9,0.9559994269947744,0.9384048955535021,0.9304711132249756,0.9559994269947744,0.7852941903279215
dt,uilap,9,0.9160746650722175,0.9207731908521822,0.9257701297883291,0.9160746650722175,0.5492643388439963
lr,ucos,9,0.9578328361059729,0.9375920555920612,0.933950326323172,0.9578328361059729,0.8444182914473523
nb,ucos,9,0.8732973336572059,0.9006385320717648,0.9369450891476963,0.8732973336572059,0.8222797588158253
knn,ucos,9,0.9562035082037325,0.9374595368648737,0.9263245701003575,0.9562035082037325,0.6073277608915907
rf,ucos,9,0.9562026777613767,0.9378597592811374,0.9320114197707801,0.9562026777613767,0.7804790940766552
dt,ucos,9,0.9170925797899396,0.9213346593502649,0.9258413953192794,0.9170925797899396,0.5497962537376134
lr,upcorr,9,0.9574252965198238,0.9369854519890677,0.9211189791423908,0.9574252965198238,0.844508735512887
nb,upcorr,9,0.8745195371944752,0.9013925645347675,0.9370450544651071,0.8745195371944752,0.8209483035559838
knn,upcorr,9,0.9541658102729873,0.9349685138296516,0.9165300734362217,0.9541658102729873,0.6477600884671462
rf,upcorr,9,0.9559994269947744,0.9370064353069611,0.9249184907251985,0.9559994269947744,0.7709514542713817
dt,upcorr,9,0.9168884985809816,0.9212228571043852,0.9258741317836501,0.9168884985809816,0.5496317987495984
lr,ufrufs,9,0.9574252965198238,0.9366009929408434,0.9166633507563346,0.9574252965198238,0.8432940420589616
nb,ufrufs,9,0.8806286863855204,0.904344513382782,0.9344427622132029,0.8806286863855204,0.8186758346306867
knn,ufrufs,9,0.9553880138102564,0.9362851233653144,0.9197902745776115,0.9553880138102564,0.5820009513924926
rf,ufrufs,9,0.9566104249581147,0.9365691123277753,0.9195959663549539,0.9566104249581147,0.7866919341685817
dt,ufrufs,9,0.918109871675895,0.9219109687260472,0.9259941274133368,0.918109871675895,0.5502700966219389
