model,fs_method,k,accuracy,fmeasure,precision,recall,roc
lr,nofs,11,0.5688001953548947,0.5241203231192598,0.5135826847760538,0.5688001953548947,0.7473230852798987
nb,nofs,11,0.5195354894725417,0.5181387626812282,0.5427711898035217,0.5195354894725417,0.7151173089051067
knn,nofs,11,0.5320137833731279,0.5158819044176968,0.5195558720785728,0.5320137833731279,0.6698130736976801
rf,nofs,11,0.5658617321467332,0.5361274695382244,0.5376661315974715,0.5658617321467332,0.7406009405170734
dt,nofs,11,0.46282559149120905,0.46254733260617964,0.47552256602864434,0.46282559149120905,0.5936497717108178
lr,corr,1,0.5533671586715867,0.49635225064522437,0.49500641797807454,0.5533671586715867,0.7078312705920589
nb,corr,1,0.5496934013457782,0.4965684466408308,0.4968187110985231,0.5496934013457782,0.7064142686704452
knn,corr,1,0.49004232689385707,0.45324303463693827,0.4589407470272554,0.49004232689385707,0.6312272180445172
rf,corr,1,0.5143423051877578,0.4741865539561784,0.47283546000529925,0.5143423051877578,0.6805422333761557
dt,corr,1,0.5165509008031256,0.4719981175254756,0.4653348686658565,0.5165509008031256,0.6786531582724775
lr,tree,1,0.5533671586715867,0.49635225064522437,0.49500641797807454,0.5533671586715867,0.7078312705920589
nb,tree,1,0.5496934013457782,0.4965684466408308,0.4968187110985231,0.5496934013457782,0.7064142686704452
knn,tree,1,0.49004232689385707,0.45324303463693827,0.4589407470272554,0.49004232689385707,0.6312272180445172
rf,tree,1,0.5172861949207727,0.478752696251739,0.47154925931558156,0.5172861949207727,0.6801504928743685
dt,tree,1,0.5165509008031256,0.4719981175254756,0.4653348686658565,0.5165509008031256,0.6786531582724775
lr,var,1,0.46431245930106363,0.40192786934264096,0.37934173870866933,0.46431245930106363,0.5651592144663132
nb,var,1,0.4591572606902539,0.39410201859074523,0.3833180225322161,0.4591572606902539,0.5649620625002825
knn,var,1,0.3929292381159105,0.33035429941336925,0.32793232225868635,0.3929292381159105,0.4994666236027726
rf,var,1,0.40030117212936833,0.3602775572439328,0.350049356921811,0.40030117212936833,0.5154342877498663
dt,var,1,0.3951459735185587,0.3457864996309655,0.32765089107087675,0.3951459735185587,0.5152962978345331
lr,lrs,1,0.5533671586715867,0.49635225064522437,0.49500641797807454,0.5533671586715867,0.7078312705920589
nb,lrs,1,0.5496934013457782,0.4965684466408308,0.4968187110985231,0.5496934013457782,0.7064142686704452
knn,lrs,1,0.49004232689385707,0.45324303463693827,0.4589407470272554,0.49004232689385707,0.6312272180445172
rf,lrs,1,0.5187622096809203,0.47957837945566917,0.4732145752875696,0.5187622096809203,0.6806398299180769
dt,lrs,1,0.5165509008031256,0.4719981175254756,0.4653348686658565,0.5165509008031256,0.6786531582724775
lr,rfe,1,0.471646407640547,0.42500344202328877,0.3906546622243644,0.471646407640547,0.6076847336012413
nb,rfe,1,0.4834138267853267,0.4238656576706853,0.4349362045809248,0.4834138267853267,0.6162672463944784
knn,rfe,1,0.43633329715650104,0.39259201218892115,0.38049600849793785,0.43633329715650104,0.5590767955757822
rf,rfe,1,0.4562079444323855,0.4214912997643034,0.4312640481779101,0.4562079444323855,0.5747532930836889
dt,rfe,1,0.4525287605817234,0.41781087749952944,0.42954549723183266,0.4525287605817234,0.575119943382622
lr,bor,1,0.493735077056653,0.44229661352522587,0.40419295643156905,0.493735077056653,0.6417639353301184
nb,bor,1,0.4930052094638594,0.4471749859237245,0.4162063003178454,0.4930052094638594,0.6408499378682011
knn,bor,1,0.4415183416540048,0.39256754812867484,0.40932401538654106,0.4415183416540048,0.5621619006946659
rf,bor,1,0.4422400694595181,0.42164979816748954,0.4185545483991996,0.4422400694595181,0.5778557371299352
dt,bor,1,0.44149934881701763,0.4192560454138182,0.42225936834544325,0.44149934881701763,0.5728827715133332
lr,lass,1,0.5533671586715867,0.49635225064522437,0.49500641797807454,0.5533671586715867,0.7078312705920589
nb,lass,1,0.5496934013457782,0.4965684466408308,0.4968187110985231,0.5496934013457782,0.7064142686704452
knn,lass,1,0.49004232689385707,0.45324303463693827,0.4589407470272554,0.49004232689385707,0.6312272180445172
rf,lass,1,0.5150775993054049,0.4728545951026456,0.4637339717543605,0.5150775993054049,0.6792671887969433
dt,lass,1,0.5165509008031256,0.4719981175254756,0.4653348686658565,0.5165509008031256,0.6786531582724775
lr,muin,1,0.5533671586715867,0.49635225064522437,0.49500641797807454,0.5533671586715867,0.7078312705920589
nb,muin,1,0.5496934013457782,0.4965684466408308,0.4968187110985231,0.5496934013457782,0.7064142686704452
knn,muin,1,0.49004232689385707,0.45324303463693827,0.4589407470272554,0.49004232689385707,0.6312272180445172
rf,muin,1,0.5136097243325374,0.4705637790535661,0.4639124717763322,0.5136097243325374,0.6800883640703299
dt,muin,1,0.5165509008031256,0.4719981175254756,0.4653348686658565,0.5165509008031256,0.6786531582724775
lr,chi,1,0.5533671586715867,0.49635225064522437,0.49500641797807454,0.5533671586715867,0.7078312705920589
nb,chi,1,0.5496934013457782,0.4965684466408308,0.4968187110985231,0.5496934013457782,0.7064142686704452
knn,chi,1,0.49004232689385707,0.45324303463693827,0.4589407470272554,0.49004232689385707,0.6312272180445172
rf,chi,1,0.517283481658346,0.4759237923365925,0.46991963261301867,0.517283481658346,0.6814491864967093
dt,chi,1,0.5165509008031256,0.4719981175254756,0.4653348686658565,0.5165509008031256,0.6786531582724775
lr,rfc,1,0.5533671586715867,0.49635225064522437,0.49500641797807454,0.5533671586715867,0.7078312705920589
nb,rfc,1,0.5496934013457782,0.4965684466408308,0.4968187110985231,0.5496934013457782,0.7064142686704452
knn,rfc,1,0.49004232689385707,0.45324303463693827,0.4589407470272554,0.49004232689385707,0.6312272180445172
rf,rfc,1,0.5158128934230518,0.47481096485149266,0.46394606383693715,0.5158128934230518,0.6789004194431392
dt,rfc,1,0.5165509008031256,0.4719981175254756,0.4653348686658565,0.5165509008031256,0.6786531582724775
lr,corr,2,0.5621988278706317,0.5081229993648653,0.5121729234402039,0.5621988278706317,0.7347365889977271
nb,corr,2,0.5585115042326894,0.525939625429608,0.5362105386886251,0.5585115042326894,0.7341128859572479
knn,corr,2,0.5224468200564358,0.4973678806151998,0.4983697250896382,0.5224468200564358,0.6729865666909373
rf,corr,2,0.4952273713913609,0.4854437704127335,0.4873265114932631,0.4952273713913609,0.6690690485021841
dt,corr,2,0.4709680920338616,0.4656792887546821,0.4766359081812933,0.4709680920338616,0.5922997726723305
lr,tree,2,0.5496716952463643,0.49318849415778027,0.4906820285926745,0.5496716952463643,0.7238802206664388
nb,tree,2,0.5459925113957022,0.5019410759855762,0.5034507991089183,0.5459925113957022,0.7309425292326696
knn,tree,2,0.48858259170827,0.46557724972064135,0.462525742831186,0.48858259170827,0.6484326408471096
rf,tree,2,0.4805214890384198,0.4725053568462771,0.46988985060968497,0.4805214890384198,0.6513635904855635
dt,tree,2,0.4231115693509876,0.4228242438911504,0.42761457841799366,0.4231115693509876,0.5671068404829658
lr,var,2,0.546730518775776,0.4938803058935809,0.4825563787701224,0.546730518775776,0.7142549718672597
nb,var,2,0.5379015628391579,0.48926172904760473,0.47813352545849436,0.5379015628391579,0.7114954418012427
knn,var,2,0.5128825700021705,0.4893492721561231,0.48340721331561964,0.5128825700021705,0.6569712391462902
rf,var,2,0.4871201432602561,0.4727650395210296,0.4690302701629527,0.4871201432602561,0.6552757274553107
dt,var,2,0.4731224224006946,0.46384798653270226,0.46629520957983017,0.4731224224006946,0.5946339474267545
lr,lrs,2,0.5621988278706317,0.5081229993648653,0.5121729234402039,0.5621988278706317,0.7347365889977271
nb,lrs,2,0.5585115042326894,0.525939625429608,0.5362105386886251,0.5585115042326894,0.7341128859572479
knn,lrs,2,0.5224468200564358,0.4973678806151998,0.4983697250896382,0.5224468200564358,0.6729865666909373
rf,lrs,2,0.4871282830475364,0.47556064554336147,0.47495983394903707,0.4871282830475364,0.669944425214805
dt,lrs,2,0.4709599522465814,0.46555718664003976,0.47602732830651445,0.4709599522465814,0.5936481898623036
lr,rfe,2,0.48936129802474493,0.4349338350421116,0.4032786951874484,0.48936129802474493,0.6371507232879106
nb,rfe,2,0.5048024744953332,0.46486307391383563,0.47036452766230896,0.5048024744953332,0.6461321165664325
knn,rfe,2,0.4577110918168005,0.43673778499717164,0.43844401759427953,0.4577110918168005,0.5831845347226449
rf,rfe,2,0.42091111352289995,0.41336575160365446,0.41417442614262745,0.42091111352289995,0.5824827462902112
dt,rfe,2,0.3973572823963534,0.39916144050725333,0.40565321368697516,0.3973572823963534,0.5341319864160329
lr,bor,2,0.4959518124593011,0.4450086430927554,0.40593599218277154,0.4959518124593011,0.6459087295481173
nb,bor,2,0.4562215107445192,0.4159404444598974,0.41705856651062356,0.4562215107445192,0.6160329044703093
knn,bor,2,0.39444595181245934,0.37209472014252326,0.3657931320871373,0.39444595181245934,0.5480185691632732
rf,bor,2,0.38634143694378126,0.37382874244161385,0.36629304519000266,0.38634143694378126,0.5408491538975004
dt,bor,2,0.37016767961797264,0.36851213097964025,0.36902339210813295,0.37016767961797264,0.5155233101550903
lr,lass,2,0.5621988278706317,0.5081229993648653,0.5121729234402039,0.5621988278706317,0.7347365889977271
nb,lass,2,0.5585115042326894,0.525939625429608,0.5362105386886251,0.5585115042326894,0.7341128859572479
knn,lass,2,0.5224468200564358,0.4973678806151998,0.4983697250896382,0.5224468200564358,0.6729865666909373
rf,lass,2,0.48858530497069685,0.47825015108483065,0.4832209355954939,0.48858530497069685,0.6688122261782852
dt,lass,2,0.4709708052962882,0.46659076575009495,0.47794031807442733,0.4709708052962882,0.593767583093505
lr,muin,2,0.5621988278706317,0.5081229993648653,0.5121729234402039,0.5621988278706317,0.7347365889977271
nb,muin,2,0.5585115042326894,0.525939625429608,0.5362105386886251,0.5585115042326894,0.7341128859572479
knn,muin,2,0.5224468200564358,0.4973678806151998,0.4983697250896382,0.5224468200564358,0.6729865666909373
rf,muin,2,0.4915454742782722,0.4799751479027011,0.4850679861960002,0.4915454742782722,0.6653181728764676
dt,muin,2,0.4739065552420231,0.468756859469444,0.4781651174664464,0.4739065552420231,0.595404991917022
lr,chi,2,0.5621988278706317,0.5081229993648653,0.5121729234402039,0.5621988278706317,0.7347365889977271
nb,chi,2,0.5585115042326894,0.525939625429608,0.5362105386886251,0.5585115042326894,0.7341128859572479
knn,chi,2,0.5224468200564358,0.4973678806151998,0.4983697250896382,0.5224468200564358,0.6729865666909373
rf,chi,2,0.4849251139570219,0.4745065849910052,0.48025498358170743,0.4849251139570219,0.6698399684308829
dt,chi,2,0.46729162144562625,0.46120719899821144,0.4710679915027409,0.46729162144562625,0.5888167740548611
lr,rfc,2,0.557043629259822,0.5058042502101847,0.5125702732434514,0.557043629259822,0.7235576701442226
nb,rfc,2,0.5629286954634252,0.5178915865282047,0.5263263531342746,0.5629286954634252,0.7326782616779361
knn,rfc,2,0.49374321684393313,0.47027221383353357,0.4650722371919474,0.49374321684393313,0.6458494170720143
rf,rfc,2,0.46503147384415017,0.45337752421730837,0.4533275455304645,0.46503147384415017,0.6481920039682014
dt,rfc,2,0.45987898849576736,0.4525187854256504,0.45655042473962615,0.45987898849576736,0.5824560527471043
lr,corr,3,0.5636667028434991,0.5134589723750685,0.5229063011823137,0.5636667028434991,0.7379654299899918
nb,corr,3,0.5776345778163664,0.5521655687758454,0.5618647741140934,0.5776345778163664,0.7441122721238853
knn,corr,3,0.5231956804862167,0.5066205620487848,0.504230475157481,0.5231956804862167,0.682309758061576
rf,corr,3,0.5268748643368786,0.5037310631935421,0.4966018480725293,0.5268748643368786,0.7020983368877628
dt,corr,3,0.4628662904276101,0.4620673535531844,0.47060436499214,0.4628662904276101,0.5942312509889989
lr,tree,3,0.5526237247666594,0.5007856936906876,0.49876213677544046,0.5526237247666594,0.7371865416793604
nb,tree,3,0.5710087909702627,0.5329972070171196,0.5344660427964569,0.5710087909702627,0.7499769399403298
knn,tree,3,0.5437839157803342,0.5227248616905196,0.5188339516189744,0.5437839157803342,0.6905182717776113
rf,tree,3,0.5481848274365096,0.5295648792589138,0.5258366797082175,0.5481848274365096,0.7284821859813574
dt,tree,3,0.47387399609290204,0.4721922074630046,0.480611006029403,0.47387399609290204,0.6005622779074934
lr,var,3,0.5504178424137182,0.49903156282169414,0.4826495862977458,0.5504178424137182,0.7093696869133082
nb,var,3,0.5327599305404819,0.4882743473416341,0.47837689236072584,0.5327599305404819,0.699540793903521
knn,var,3,0.4613604297807684,0.4362196963984288,0.4304621099566203,0.4613604297807684,0.6293205595235514
rf,var,3,0.4988767093553288,0.4769406572709509,0.46789469970719894,0.4988767093553288,0.6675256959727073
dt,var,3,0.44222107662253096,0.4390405839893793,0.44375279389372696,0.44222107662253096,0.5748198414855967
lr,lrs,3,0.5636667028434991,0.5134589723750685,0.5229063011823137,0.5636667028434991,0.7379654299899918
nb,lrs,3,0.5776345778163664,0.5521655687758454,0.5618647741140934,0.5776345778163664,0.7441122721238853
knn,lrs,3,0.5231956804862167,0.5066205620487848,0.504230475157481,0.5231956804862167,0.682309758061576
rf,lrs,3,0.5195137833731278,0.49952790583235185,0.49331965235952635,0.5195137833731278,0.7015621640880632
dt,lrs,3,0.46287714347731707,0.4605495925318113,0.46719209654502436,0.46287714347731707,0.5924509542437153
lr,rfe,3,0.5702843499023226,0.5166070671845985,0.5237600417304469,0.5702843499023226,0.7463716303086779
nb,rfe,3,0.5717495116127631,0.5467550682891453,0.5649300741888746,0.5717495116127631,0.752603367644881
knn,rfe,3,0.5319975037985674,0.511287746907669,0.5215094415393877,0.5319975037985674,0.6851576487278709
rf,rfe,3,0.5298024744953331,0.5081891255500672,0.5011296372848906,0.5298024744953331,0.7017323968041912
dt,rfe,3,0.4606169958758411,0.46198455694386187,0.47065297460521627,0.4606169958758411,0.5932954305665897
lr,bor,3,0.5312432168439332,0.478439353480519,0.4401008233420683,0.5312432168439332,0.6775240741505137
nb,bor,3,0.4856197091382678,0.4445837336429081,0.486625779245826,0.4856197091382678,0.6630075058431885
knn,bor,3,0.4562079444323855,0.4315501932376529,0.42223658038394485,0.4562079444323855,0.5961261397263214
rf,bor,3,0.4584138267853267,0.43822447868096076,0.42991873123138974,0.4584138267853267,0.62702835971996
dt,bor,3,0.39809528977642716,0.3978299471502885,0.39992453314582926,0.39809528977642716,0.5371582507197985
lr,lass,3,0.5636667028434991,0.5134589723750685,0.5229063011823137,0.5636667028434991,0.7379654299899918
nb,lass,3,0.5776345778163664,0.5521655687758454,0.5618647741140934,0.5776345778163664,0.7441122721238853
knn,lass,3,0.5231956804862167,0.5066205620487848,0.504230475157481,0.5231956804862167,0.682309758061576
rf,lass,3,0.5254015628391578,0.5043523004831568,0.49754978278547,0.5254015628391578,0.7007978323687963
dt,lass,3,0.4614011287171695,0.4605326248982017,0.467979422457187,0.4614011287171695,0.5945491999625495
lr,muin,3,0.5636667028434991,0.5134589723750685,0.5229063011823137,0.5636667028434991,0.7379654299899918
nb,muin,3,0.5776345778163664,0.5521655687758454,0.5618647741140934,0.5776345778163664,0.7441122721238853
knn,muin,3,0.5231956804862167,0.5066205620487848,0.504230475157481,0.5231956804862167,0.682309758061576
rf,muin,3,0.5283427393097461,0.505581063014089,0.500879410825524,0.5283427393097461,0.7024269197264096
dt,muin,3,0.46506403299327115,0.46298853192706907,0.46927220426233446,0.46506403299327115,0.5928890845228477
lr,chi,3,0.5614526807032776,0.5083198444321482,0.4940739242253952,0.5614526807032776,0.7345375341873323
nb,chi,3,0.5423079010201868,0.5170777166125262,0.5274290513905757,0.5423079010201868,0.7240190968968625
knn,chi,3,0.5202300846537876,0.49672116309166603,0.495254003427912,0.5202300846537876,0.6710978183212133
rf,chi,3,0.5128717169524637,0.49251918015578955,0.4892554867294141,0.5128717169524637,0.6866825943292805
dt,chi,3,0.4481468417625353,0.4473773103880358,0.4519803421659841,0.4481468417625353,0.5749251733925895
lr,rfc,3,0.5636667028434991,0.5134589723750685,0.5229063011823137,0.5636667028434991,0.7379654299899918
nb,rfc,3,0.5776345778163664,0.5521655687758454,0.5618647741140934,0.5776345778163664,0.7441122721238853
knn,rfc,3,0.5231956804862167,0.5066205620487848,0.504230475157481,0.5231956804862167,0.682309758061576
rf,rfc,3,0.5283373127848925,0.5078661523557662,0.5077411158410454,0.5283373127848925,0.7011283921941879
dt,rfc,3,0.46432331235077057,0.462587399720077,0.46904183331129873,0.46432331235077057,0.5934487742714959
lr,corr,4,0.5643911439114391,0.514163662075993,0.501182570219875,0.5643911439114391,0.7396565174325461
nb,corr,4,0.5665834599522466,0.5462548027310474,0.5515690333541905,0.5665834599522466,0.7340670405904541
knn,corr,4,0.5342332320382027,0.5117298725108272,0.5105455213701628,0.5342332320382027,0.6683916184886114
rf,corr,4,0.5253934230518775,0.5046164071923929,0.5026919138716714,0.5253934230518775,0.7043592699139266
dt,corr,4,0.4540291947037118,0.45082456911733315,0.45696624457657453,0.4540291947037118,0.581093050749254
lr,tree,4,0.5732282396353375,0.5253160047623523,0.5308937750892129,0.5732282396353375,0.7511761557364486
nb,tree,4,0.5864581072281312,0.563411039704258,0.565553494820306,0.5864581072281312,0.7627244612012202
knn,tree,4,0.5562920555676145,0.5364375242770022,0.5340583716076882,0.5562920555676145,0.7066617214369334
rf,tree,4,0.5739499674408509,0.5523674951020976,0.5511459026965768,0.5739499674408509,0.739650275257819
dt,tree,4,0.47387399609290215,0.472011698515009,0.4742181631938519,0.47387399609290215,0.5978766278421307
lr,var,4,0.5423187540698937,0.4895811983133629,0.4664316501027216,0.5423187540698937,0.7118751145903136
nb,var,4,0.533495224658129,0.4930987074434208,0.49009960832951815,0.533495224658129,0.6991374587780294
knn,var,4,0.4959382461471674,0.47245393870829,0.467998169810562,0.4959382461471674,0.6361079304437238
rf,var,4,0.500336444540916,0.48032406244563175,0.4739939990340115,0.500336444540916,0.6847225745257611
dt,var,4,0.44001519426958974,0.4380129387533902,0.44055595952302706,0.44001519426958974,0.5711093114668434
lr,lrs,4,0.5732282396353375,0.5253160047623523,0.5308937750892129,0.5732282396353375,0.7511761557364486
nb,lrs,4,0.5864581072281312,0.563411039704258,0.565553494820306,0.5864581072281312,0.7627244612012202
knn,lrs,4,0.5562920555676145,0.5364375242770022,0.5340583716076882,0.5562920555676145,0.7066617214369334
rf,lrs,4,0.5768992836987193,0.5550080409432351,0.555678437634928,0.5768992836987193,0.741233909483646
dt,lrs,4,0.4768233123507706,0.4720134499891138,0.47261811043632457,0.4768233123507706,0.5961248298721856
lr,rfe,4,0.5732282396353375,0.5253160047623523,0.5308937750892129,0.5732282396353375,0.7511761557364486
nb,rfe,4,0.5864581072281312,0.563411039704258,0.565553494820306,0.5864581072281312,0.7627244612012202
knn,rfe,4,0.5562920555676145,0.5364375242770022,0.5340583716076882,0.5562920555676145,0.7066617214369334
rf,rfe,4,0.5754286954634252,0.5549768604638705,0.5535505681992585,0.5754286954634252,0.7425232433600554
dt,rfe,4,0.47314684176253535,0.46817902850448173,0.4672618904923108,0.47314684176253535,0.5932935788535101
lr,bor,4,0.5099305404818755,0.4545052059578053,0.4250010596082648,0.5099305404818755,0.6772407474640598
nb,bor,4,0.49446494464944646,0.4653956791514485,0.5139907646948807,0.49446494464944646,0.6734626606055482
knn,bor,4,0.48420067288908186,0.4640843529854143,0.46217794063942447,0.48420067288908186,0.6369822641297674
rf,bor,4,0.4988875624050359,0.4787368262538422,0.4738161450313322,0.4988875624050359,0.6591157557651054
dt,bor,4,0.43044551769047096,0.43062230714125993,0.4405418277897063,0.43044551769047096,0.5673486589468044
lr,lass,4,0.5489364011287172,0.4976713588887547,0.48078809268840106,0.5489364011287172,0.7355136408392415
nb,lass,4,0.5651210115042327,0.5430291897183708,0.5558319549277264,0.5651210115042327,0.7341753099656245
knn,lass,4,0.5180024962014326,0.5010942792601629,0.5010645140865121,0.5180024962014326,0.6792770109232876
rf,lass,4,0.5504097026264381,0.5303812258472147,0.5303950684966647,0.5504097026264381,0.7082931212701329
dt,lass,4,0.4554645105274583,0.45149115005367946,0.45553658760553767,0.4554645105274583,0.5780198424335624
lr,muin,4,0.5643911439114391,0.514163662075993,0.501182570219875,0.5643911439114391,0.7396565174325461
nb,muin,4,0.5665834599522466,0.5462548027310474,0.5515690333541905,0.5665834599522466,0.7340670405904541
knn,muin,4,0.5342332320382027,0.5117298725108272,0.5105455213701628,0.5342332320382027,0.6683916184886114
rf,muin,4,0.5246608421966572,0.5049601843196804,0.5047658558966546,0.5246608421966572,0.6990773423665881
dt,muin,4,0.4555052094638593,0.45299232690732955,0.45992167361279945,0.4555052094638593,0.5814002391802704
lr,chi,4,0.5695463425222489,0.519060781269765,0.5047536314359852,0.5695463425222489,0.7458190600119129
nb,chi,4,0.55997666594313,0.541748804928736,0.5469102457953323,0.55997666594313,0.7466662295224632
knn,chi,4,0.5091925331018016,0.487694177242828,0.4823730489624244,0.5091925331018016,0.6695098355448941
rf,chi,4,0.53641740829173,0.5140711759251368,0.5118009945988824,0.53641740829173,0.7122497610399132
dt,chi,4,0.4591382678532668,0.4585507725680431,0.4672826605371938,0.4591382678532668,0.586599140631703
lr,rfc,4,0.5732282396353375,0.5253160047623523,0.5308937750892129,0.5732282396353375,0.7511761557364486
nb,rfc,4,0.5864581072281312,0.563411039704258,0.565553494820306,0.5864581072281312,0.7627244612012202
knn,rfc,4,0.5562920555676145,0.5364375242770022,0.5340583716076882,0.5562920555676145,0.7066617214369334
rf,rfc,4,0.578375298458867,0.5560255069713608,0.5494743753176186,0.578375298458867,0.7383229772507252
dt,rfc,4,0.46946494464944644,0.4687115521593922,0.4742832363574235,0.46946494464944644,0.5953971930016404
lr,corr,5,0.5570382027349685,0.5075708388207821,0.49951568240582905,0.5570382027349685,0.7331348228190067
nb,corr,5,0.5496771217712177,0.5260557452832423,0.5343435915606933,0.5496771217712177,0.7232968606424108
knn,corr,5,0.496708812676362,0.4748561637346313,0.4706423116509205,0.496708812676362,0.6607171772782193
rf,corr,5,0.5356983937486433,0.5125265947177404,0.5088254922049971,0.5356983937486433,0.7024091945539562
dt,corr,5,0.44004775341871066,0.4409258002272061,0.449686980757405,0.44004775341871066,0.5739824501039168
lr,tree,5,0.5658671586715867,0.5160567860151396,0.5023708458234907,0.5658671586715867,0.7512932213650869
nb,tree,5,0.5680703277621012,0.5525941231781643,0.5607245023603596,0.5680703277621012,0.7551226960201428
knn,tree,5,0.5195110701107011,0.5001860850057465,0.49433123457626343,0.5195110701107011,0.6834132299028999
rf,tree,5,0.5732228131104841,0.5499069025850216,0.548971361269867,0.5732228131104841,0.7380090646415414
dt,tree,5,0.4598681354460604,0.4581352365642076,0.46167545235787477,0.4598681354460604,0.587766210581734
lr,var,5,0.5437893423051878,0.49659056319981393,0.48226679063554656,0.5437893423051878,0.7064514002349866
nb,var,5,0.5136449967440851,0.47121263087314336,0.46705895930701014,0.5136449967440851,0.6863652116702514
knn,var,5,0.4930296288257,0.4691170191173006,0.46071811791996947,0.4930296288257,0.6398583973700813
rf,var,5,0.5239092685044497,0.4937171973512629,0.4779429237729717,0.5239092685044497,0.679949622416992
dt,var,5,0.4407613414369438,0.43968697114520516,0.44408061323230863,0.4407613414369438,0.5718937820147763
lr,lrs,5,0.5651400043412199,0.5181956600746809,0.5239688885599172,0.5651400043412199,0.7450462066224368
nb,lrs,5,0.5710169307575429,0.5476191740459455,0.557623730091118,0.5710169307575429,0.751592215913472
knn,lrs,5,0.5231794009116562,0.5028420610469848,0.5104240098226374,0.5231794009116562,0.6839007501970624
rf,lrs,5,0.5585087909702626,0.5375247078770428,0.5322665446800341,0.5585087909702626,0.7361773651938244
dt,lrs,5,0.4635744519209899,0.4605538985229415,0.4669078875495776,0.4635744519209899,0.5907241968747683
lr,rfe,5,0.5651400043412199,0.5181956600746809,0.5239688885599172,0.5651400043412199,0.7450462066224368
nb,rfe,5,0.5710169307575429,0.5476191740459455,0.557623730091118,0.5710169307575429,0.751592215913472
knn,rfe,5,0.5231794009116562,0.5028420610469848,0.5104240098226374,0.5231794009116562,0.6839007501970624
rf,rfe,5,0.5680838940742348,0.5449893973490602,0.5352648570691088,0.5680838940742348,0.7353166540649153
dt,rfe,5,0.4775504666811374,0.4734598697815021,0.4792138321507659,0.4775504666811374,0.6009073553224106
lr,bor,5,0.5319975037985675,0.4760578000842718,0.443343056723017,0.5319975037985675,0.7002841038475569
nb,bor,5,0.520962665509008,0.4940538254531554,0.5336512022465908,0.520962665509008,0.6937558398757961
knn,bor,5,0.5040590405904058,0.4832701077698707,0.47611345635415925,0.5040590405904058,0.6710579832870133
rf,bor,5,0.5504232689385716,0.5244452197638804,0.5236859047417364,0.5504232689385716,0.7166928564606487
dt,bor,5,0.4392907532016497,0.44006619766209887,0.44736556490601054,0.4392907532016497,0.5751408753479476
lr,lass,5,0.5585115042326894,0.5086238491810471,0.4923618668243918,0.5585115042326894,0.7372416171605807
nb,lass,5,0.5526128717169525,0.5311946064883861,0.5449661531474294,0.5526128717169525,0.7217444297930307
knn,lass,5,0.5268667245495985,0.5064509626159059,0.5047487558860023,0.5268667245495985,0.6696607756771278
rf,lass,5,0.5482065335359236,0.5252260231100058,0.5229236947674633,0.5482065335359236,0.7071949272655929
dt,lass,5,0.44735728239635336,0.44940471678008187,0.4621443925613433,0.44735728239635336,0.5779804720203978
lr,muin,5,0.5658671586715867,0.5160567860151396,0.5023708458234907,0.5658671586715867,0.7512932213650869
nb,muin,5,0.5680703277621012,0.5525941231781643,0.5607245023603596,0.5680703277621012,0.7551226960201428
knn,muin,5,0.5195110701107011,0.5001860850057465,0.49433123457626343,0.5195110701107011,0.6834132299028999
rf,muin,5,0.5688029086173214,0.5457302600239482,0.5456683340621791,0.5688029086173214,0.735613873225014
dt,muin,5,0.45768124593010634,0.4539631711427129,0.4554132977916957,0.45768124593010634,0.5849719149436452
lr,chi,5,0.5658671586715867,0.5160567860151396,0.5023708458234907,0.5658671586715867,0.7512932213650869
nb,chi,5,0.5680703277621012,0.5525941231781643,0.5607245023603596,0.5680703277621012,0.7551226960201428
knn,chi,5,0.5195110701107011,0.5001860850057465,0.49433123457626343,0.5195110701107011,0.6834132299028999
rf,chi,5,0.5695436292598219,0.545824505981216,0.5406413064950961,0.5695436292598219,0.7342935552059752
dt,chi,5,0.4635690253961363,0.4601706662581795,0.4638103645677032,0.4635690253961363,0.5892776966930983
lr,rfc,5,0.5651400043412199,0.5181956600746809,0.5239688885599172,0.5651400043412199,0.7450462066224368
nb,rfc,5,0.5710169307575429,0.5476191740459455,0.557623730091118,0.5710169307575429,0.751592215913472
knn,rfc,5,0.5231794009116562,0.5028420610469848,0.5104240098226374,0.5231794009116562,0.6839007501970624
rf,rfc,5,0.5585060777078359,0.5355126254257628,0.5372913927484839,0.5585060777078359,0.735962374558024
dt,rfc,5,0.4782884740612112,0.47474769020220425,0.4805699758963349,0.4782884740612112,0.6013176849218501
lr,corr,6,0.5636585630562188,0.5170470178079677,0.5121696667679536,0.5636585630562188,0.7459928566067988
nb,corr,6,0.5658617321467332,0.5480873936919455,0.550912802129546,0.5658617321467332,0.7476814466724785
knn,corr,6,0.5239336878662904,0.5051885710150287,0.5024862938695207,0.5239336878662904,0.6796809461454837
rf,corr,6,0.5666051660516606,0.5434855851474861,0.5395163773323761,0.5666051660516606,0.7288694859104005
dt,corr,6,0.4650369003690037,0.4630424366495915,0.4709091252832045,0.4650369003690037,0.5938215207868047
lr,tree,6,0.5636585630562188,0.5170470178079677,0.5121696667679536,0.5636585630562188,0.7459928566067988
nb,tree,6,0.5658617321467332,0.5480873936919455,0.550912802129546,0.5658617321467332,0.7476814466724785
knn,tree,6,0.5239336878662904,0.5051885710150287,0.5024862938695207,0.5239336878662904,0.6796809461454837
rf,tree,6,0.5702979162144561,0.5464507145307166,0.5420301178771073,0.5702979162144561,0.7343245694172177
dt,tree,6,0.4635581723464293,0.4611110349808679,0.4679737397373166,0.4635581723464293,0.5907192972070218
lr,var,6,0.5592359453006295,0.5139616580930431,0.5189633776206053,0.5592359453006295,0.7292997983745322
nb,var,6,0.5305540481875407,0.5039186099635222,0.5157033660879501,0.5305540481875407,0.7058373660071002
knn,var,6,0.4944839374864337,0.47274206920718553,0.4617928174946194,0.4944839374864337,0.6444402035381005
rf,var,6,0.5408373127848926,0.5163300503365513,0.5152080520683574,0.5408373127848926,0.700771024842098
dt,var,6,0.4554672237898849,0.45625051116666027,0.4628487525819819,0.4554672237898849,0.5829657679684079
lr,lrs,6,0.5636585630562188,0.5170470178079677,0.5121696667679536,0.5636585630562188,0.7459928566067988
nb,lrs,6,0.5658617321467332,0.5480873936919455,0.550912802129546,0.5658617321467332,0.7476814466724785
knn,lrs,6,0.5239336878662904,0.5051885710150287,0.5024862938695207,0.5239336878662904,0.6796809461454837
rf,lrs,6,0.5629341219882786,0.5394857937484014,0.5332036638926096,0.5629341219882786,0.7397165472329563
dt,lrs,6,0.4679835033644454,0.4671240637553174,0.47615069914207686,0.4679835033644454,0.5946935052952543
lr,rfe,6,0.57176036466247,0.5234399068711132,0.5283438168404813,0.57176036466247,0.7469560437638159
nb,rfe,6,0.5482038202734968,0.5341104031382911,0.542845824920203,0.5482038202734968,0.7362800436572405
knn,rfe,6,0.5239201215541567,0.5039457200584464,0.5125142367498252,0.5239201215541567,0.682810175371873
rf,rfe,6,0.5724956587801172,0.5491467248552788,0.5441510910840677,0.5724956587801172,0.7474898192318434
dt,rfe,6,0.4694785109615802,0.4709269306306865,0.4816778733441021,0.4694785109615802,0.5982601510597825
lr,bor,6,0.57176036466247,0.5234399068711132,0.5283438168404813,0.57176036466247,0.7469560437638159
nb,bor,6,0.5482038202734968,0.5341104031382911,0.542845824920203,0.5482038202734968,0.7362800436572405
knn,bor,6,0.5239201215541567,0.5039457200584464,0.5125142367498252,0.5239201215541567,0.682810175371873
rf,bor,6,0.5459870848708487,0.5235277415733705,0.519683349757208,0.5459870848708487,0.7384184968105385
dt,bor,6,0.46432331235077057,0.46569619238715465,0.4744781336748357,0.46432331235077057,0.5933323717276024
lr,lass,6,0.5585142174951161,0.5094028925906621,0.49736523250749,0.5585142174951161,0.7363520466440397
nb,lass,6,0.5437893423051878,0.5244675565018833,0.535376593432183,0.5437893423051878,0.7128699234343477
knn,lass,6,0.5246581289342306,0.5078272058444855,0.5100229160283632,0.5246581289342306,0.6744917323123721
rf,lass,6,0.5496716952463643,0.5263621571396839,0.5228562125387689,0.5496716952463643,0.719008797913292
dt,lass,6,0.444459518124593,0.4452470375823559,0.45793605307465957,0.444459518124593,0.5760564064062914
lr,muin,6,0.5680649012372477,0.5200455360307197,0.5076263111786333,0.5680649012372477,0.7455956830828046
nb,muin,6,0.5577762101150423,0.5379835096481488,0.5455949148556756,0.5577762101150423,0.7466466446715412
knn,muin,6,0.5129069893640112,0.49126803356531673,0.49352380112340966,0.5129069893640112,0.6784134636534885
rf,muin,6,0.5629124158888648,0.5377260366264405,0.536856968495926,0.5629124158888648,0.7330057159053488
dt,muin,6,0.4753554373779031,0.47497277930248305,0.4836352226241777,0.4753554373779031,0.6009840942455373
lr,chi,6,0.5629124158888648,0.513450063814745,0.49869463373333023,0.5629124158888648,0.7521170218627897
nb,chi,6,0.5666024527892338,0.5540819187841179,0.5574090475960921,0.5666024527892338,0.7488119013355701
knn,chi,6,0.5305594747123942,0.5114996769721188,0.5058812618104522,0.5305594747123942,0.6819637950615315
rf,chi,6,0.5658563056218797,0.5402438560901122,0.5451748242162953,0.5658563056218797,0.7346092771821465
dt,chi,6,0.47976720208378554,0.4760864381763835,0.4832590437445196,0.47976720208378554,0.5997516670437399
lr,rfc,6,0.57176036466247,0.5234399068711132,0.5283438168404813,0.57176036466247,0.7469560437638159
nb,rfc,6,0.5482038202734968,0.5341104031382911,0.542845824920203,0.5482038202734968,0.7362800436572405
knn,rfc,6,0.5239201215541567,0.5039457200584464,0.5125142367498252,0.5239201215541567,0.682810175371873
rf,rfc,6,0.5732228131104841,0.5476558091324997,0.5433129046767833,0.5732228131104841,0.743277065849026
dt,rfc,6,0.4812405035815064,0.4809210997499071,0.4895256761342128,0.4812405035815064,0.6044393808687694
lr,corr,7,0.5680676144996744,0.5203951653051948,0.514330625220716,0.5680676144996744,0.7475153456324591
nb,corr,7,0.5541024527892338,0.5463627349576826,0.556038779760887,0.5541024527892338,0.7348783073582308
knn,corr,7,0.5290753201649664,0.5124428136474274,0.5090099396743896,0.5290753201649664,0.6913607797288858
rf,corr,7,0.55997666594313,0.5348954618751396,0.5323876976305686,0.55997666594313,0.73964865615752
dt,corr,7,0.46723735619709145,0.4674868705697655,0.4761520814847179,0.46723735619709145,0.5929879462465883
lr,tree,7,0.5629151291512915,0.5175457559002016,0.5046758411838768,0.5629151291512915,0.7454286761302429
nb,tree,7,0.5474766659431299,0.5317144550064011,0.5419730183207567,0.5474766659431299,0.7406111460896387
knn,tree,7,0.5165671803776861,0.49990701184333747,0.5023324172846174,0.5165671803776861,0.6695811988374819
rf,tree,7,0.5680811808118081,0.5445046418696832,0.5429097161616886,0.5680811808118081,0.7333727806618339
dt,tree,7,0.4694757976991535,0.4706231599177868,0.48462441370863135,0.4694757976991535,0.5978405818277912
lr,var,7,0.5548214673323203,0.5099814572206756,0.5139066249049522,0.5548214673323203,0.7287367536475469
nb,var,7,0.520249077490775,0.49622795738415865,0.5141425164212167,0.520249077490775,0.7028175376935912
knn,var,7,0.4827110918168005,0.46212770929482677,0.45262296107583566,0.4827110918168005,0.6367527010053652
rf,var,7,0.5216979596266551,0.4950587904744094,0.49641494522161816,0.5216979596266551,0.6990275800480745
dt,var,7,0.4613712828304754,0.46023643663034053,0.4655193919971601,0.4613712828304754,0.5845714681350491
lr,lrs,7,0.5680676144996744,0.5203951653051948,0.514330625220716,0.5680676144996744,0.7475153456324591
nb,lrs,7,0.5541024527892338,0.5463627349576826,0.556038779760887,0.5541024527892338,0.7348783073582308
knn,lrs,7,0.5290753201649664,0.5124428136474274,0.5090099396743896,0.5290753201649664,0.6913607797288858
rf,lrs,7,0.5739526807032777,0.5498902699732788,0.5490161561321115,0.5739526807032777,0.7427709018834616
dt,lrs,7,0.46577219448665075,0.46607942199761193,0.4748028286390632,0.46577219448665075,0.5939196478022899
lr,rfe,7,0.5732228131104841,0.5245760956167735,0.5124157588483953,0.5732228131104841,0.74764102556546
nb,rfe,7,0.5511585630562188,0.5411071430565052,0.5552491715259704,0.5511585630562188,0.7335558228163004
knn,rfe,7,0.529824180594747,0.5124042193713454,0.5123872253226801,0.529824180594747,0.6807793593622806
rf,rfe,7,0.562185261558498,0.5375277587887958,0.539810417971562,0.562185261558498,0.7346352396864245
dt,rfe,7,0.4783101801606252,0.475326704627944,0.48275061079192005,0.4783101801606252,0.6024891538964158
lr,bor,7,0.5732228131104841,0.5245760956167735,0.5124157588483953,0.5732228131104841,0.74764102556546
nb,bor,7,0.5511585630562188,0.5411071430565052,0.5552491715259704,0.5511585630562188,0.7335558228163004
knn,bor,7,0.529824180594747,0.5124042193713454,0.5123872253226801,0.529824180594747,0.6807793593622806
rf,bor,7,0.5739445409159976,0.5478895673236277,0.543531455945788,0.5739445409159976,0.738999851731019
dt,bor,7,0.476839591925331,0.47636158117330474,0.4830031247914861,0.476839591925331,0.6036450068560628
lr,lass,7,0.5629286954634253,0.5130187168758744,0.49996477172258713,0.5629286954634253,0.7371765144285324
nb,lass,7,0.526880290861732,0.5167184470868549,0.5285777003044803,0.526880290861732,0.7023693994161309
knn,lass,7,0.5239309746038637,0.5061456761754861,0.5091781790024228,0.5239309746038637,0.6765313697312261
rf,lass,7,0.5577653570653354,0.5314745082491048,0.5384650829314771,0.5577653570653354,0.7240001729620054
dt,lass,7,0.45401562839157805,0.4555920079622391,0.47064585935137127,0.45401562839157805,0.5824451427695226
lr,muin,7,0.5629151291512915,0.5175457559002016,0.5046758411838768,0.5629151291512915,0.7454286761302429
nb,muin,7,0.5474766659431299,0.5317144550064011,0.5419730183207567,0.5474766659431299,0.7406111460896387
knn,muin,7,0.5165671803776861,0.49990701184333747,0.5023324172846174,0.5165671803776861,0.6695811988374819
rf,muin,7,0.5629449750379857,0.5370001641166131,0.5408771222852427,0.5629449750379857,0.7316674377211282
dt,muin,7,0.46947308443672675,0.4695018183934809,0.4791816859128074,0.46947308443672675,0.596412616470307
lr,chi,7,0.562185261558498,0.5158859145927515,0.5217188175007827,0.562185261558498,0.7475505008481644
nb,chi,7,0.554099739526807,0.539205132075826,0.5430051088317387,0.554099739526807,0.7417370071610309
knn,chi,7,0.5275993054048187,0.5076827431446261,0.5039751711617727,0.5275993054048187,0.6778362059526577
rf,chi,7,0.5717495116127631,0.5446417208492896,0.5478005398399743,0.5717495116127631,0.7331862050394464
dt,chi,7,0.456202517907532,0.45598862933153655,0.46339586980803443,0.456202517907532,0.5837723429946879
lr,rfc,7,0.565875298458867,0.5188619746630699,0.5222183938644466,0.565875298458867,0.746969696925921
nb,rfc,7,0.5452680703277621,0.5367003561260302,0.548425977211045,0.5452680703277621,0.7322956209297661
knn,rfc,7,0.5187784892554808,0.5014954150537088,0.5013629163372806,0.5187784892554808,0.6707779081979923
rf,rfc,7,0.5636504232689385,0.5399191194677041,0.5372023245983419,0.5636504232689385,0.7411251184172065
dt,rfc,7,0.4716871065769482,0.468201672925459,0.47501701629830534,0.4716871065769482,0.5956289434687878
lr,corr,8,0.5710115042326894,0.5245329478094639,0.5103777008596163,0.5710115042326894,0.7462767483240519
nb,corr,8,0.543808335142175,0.536550261743545,0.5504840828197592,0.543808335142175,0.7284028966366607
knn,corr,8,0.5364364011287172,0.5208152319721405,0.5208438714128917,0.5364364011287172,0.6854430270476941
rf,corr,8,0.5621961146082051,0.5347784503415218,0.5393744077605978,0.5621961146082051,0.7397477518757283
dt,corr,8,0.4724034078576079,0.47007014448744233,0.4784077606304118,0.4724034078576079,0.5991741557917237
lr,tree,8,0.56586444540916,0.5189573785603911,0.5108805066523195,0.56586444540916,0.7457823617827153
nb,tree,8,0.540129151291513,0.5373791980757568,0.5504497599265087,0.540129151291513,0.730357856329398
knn,tree,8,0.5283454525721727,0.5113564879993711,0.5083391332358187,0.5283454525721727,0.6809235232596591
rf,tree,8,0.5673458866941611,0.5406948342866411,0.5375725506382755,0.5673458866941611,0.7422281082664579
dt,tree,8,0.4584056869980465,0.45905485802523244,0.4732746998800178,0.4584056869980465,0.5894103635582157
lr,var,8,0.5658590188843065,0.5196782717258795,0.5132871360221515,0.5658590188843065,0.741034909011949
nb,var,8,0.5342413718254829,0.5202739009955949,0.538403742125005,0.5342413718254829,0.7217821154888586
knn,var,8,0.5069975037985675,0.48724139115630916,0.4834616150521338,0.5069975037985675,0.6516621439048397
rf,var,8,0.5386287171695247,0.5130558348967229,0.508992771463183,0.5386287171695247,0.7109338137694554
dt,var,8,0.45546179726503144,0.4583193642162053,0.47184454402213605,0.45546179726503144,0.5887583976168635
lr,lrs,8,0.5710115042326894,0.5245329478094639,0.5103777008596163,0.5710115042326894,0.7462767483240519
nb,lrs,8,0.543808335142175,0.536550261743545,0.5504840828197592,0.543808335142175,0.7284028966366607
knn,lrs,8,0.5364364011287172,0.5208152319721405,0.5208438714128917,0.5364364011287172,0.6854430270476941
rf,lrs,8,0.5732255263729108,0.5493042543100874,0.555383928535543,0.5732255263729108,0.7369381041138747
dt,lrs,8,0.4812432168439331,0.48103239199266223,0.4888761846806296,0.4812432168439331,0.6042759806494502
lr,rfe,8,0.56586444540916,0.5189573785603911,0.5108805066523195,0.56586444540916,0.7457823617827153
nb,rfe,8,0.540129151291513,0.5373791980757568,0.5504497599265087,0.540129151291513,0.730357856329398
knn,rfe,8,0.5283454525721727,0.5113564879993711,0.5083391332358187,0.5283454525721727,0.6809235232596591
rf,rfe,8,0.571025070544823,0.5468890343114325,0.550611269997594,0.571025070544823,0.7399775012739427
dt,rfe,8,0.4569486650748861,0.45493374849880813,0.4659925585121586,0.4569486650748861,0.5857002405342474
lr,bor,8,0.5710115042326894,0.5245329478094639,0.5103777008596163,0.5710115042326894,0.7462767483240519
nb,bor,8,0.543808335142175,0.536550261743545,0.5504840828197592,0.543808335142175,0.7284028966366607
knn,bor,8,0.5364364011287172,0.5208152319721405,0.5208438714128917,0.5364364011287172,0.6854430270476941
rf,bor,8,0.5805703277621012,0.5548563545502085,0.5549008425492618,0.5805703277621012,0.738959750673553
dt,bor,8,0.4783101801606251,0.4763395888980268,0.4833669325859586,0.4783101801606251,0.601898712428494
lr,lass,8,0.5614418276535706,0.5127004457567488,0.5016363886070732,0.5614418276535706,0.7390750383252106
nb,lass,8,0.5180377686129802,0.5080504856047643,0.5199494102401364,0.5180377686129802,0.7025213933972776
knn,lass,8,0.5202626438029085,0.5026870976401705,0.49737755930097227,0.5202626438029085,0.6716243914878854
rf,lass,8,0.5607200998480574,0.5369897333260999,0.5388575292383797,0.5607200998480574,0.7253311101335765
dt,lass,8,0.4518205990883438,0.45295768761161126,0.46816732526977833,0.4518205990883438,0.581591140264407
lr,muin,8,0.5636558497937921,0.5176311262542087,0.5028826725963437,0.5636558497937921,0.7466377401141897
nb,muin,8,0.5452680703277621,0.5320567031293122,0.5431851089274151,0.5452680703277621,0.7347839797925854
knn,muin,8,0.5121418493596701,0.49645352427894096,0.4969399644632503,0.5121418493596701,0.6608464475009871
rf,muin,8,0.570278923377469,0.5431501660784881,0.5475953845257552,0.570278923377469,0.7376325406081421
dt,muin,8,0.4863848491426091,0.48373583743757437,0.4931484971632235,0.4863848491426091,0.6075484325112049
lr,chi,8,0.5636558497937921,0.5176311262542087,0.5028826725963437,0.5636558497937921,0.7466377401141897
nb,chi,8,0.5452680703277621,0.5320567031293122,0.5431851089274151,0.5452680703277621,0.7347839797925854
knn,chi,8,0.5121418493596701,0.49645352427894096,0.4969399644632503,0.5121418493596701,0.6608464475009871
rf,chi,8,0.5629286954634253,0.5380813647385885,0.5437841138691372,0.5629286954634253,0.7319130313761859
dt,chi,8,0.4790454742782722,0.47893044037526156,0.48486896523549,0.4790454742782722,0.6043229355257778
lr,rfc,8,0.5658671586715867,0.5171314735377237,0.49923300033291423,0.5658671586715867,0.746367348209434
nb,rfc,8,0.5415943130019535,0.5341102783301453,0.5517835757245791,0.5415943130019535,0.7289261417183702
knn,rfc,8,0.5106794009116562,0.4953906618195062,0.4981151707938327,0.5106794009116562,0.670675981887969
rf,rfc,8,0.557032776210115,0.5305515090884543,0.5309052621323881,0.557032776210115,0.7371919757455532
dt,rfc,8,0.46726177555893206,0.46557833965132167,0.4739807594119682,0.46726177555893206,0.5945422286372706
lr,corr,9,0.563655849793792,0.5175062143911784,0.5057852055696166,0.563655849793792,0.7448493876904061
nb,corr,9,0.5246798350336445,0.5227611536286082,0.5425066731318294,0.5246798350336445,0.722982776314992
knn,corr,9,0.530551334925114,0.5149531095300668,0.5158541826063621,0.530551334925114,0.6809054447723483
rf,corr,9,0.5658617321467333,0.5376757643135439,0.535019279464632,0.5658617321467333,0.7382370177943467
dt,corr,9,0.4701975255046668,0.46950725061886606,0.47368343493088483,0.4701975255046668,0.5959004265038198
lr,tree,9,0.5665970262643804,0.5209847838020896,0.5121431208394693,0.5665970262643804,0.7466448281151624
nb,tree,9,0.533495224658129,0.527691685213993,0.5414903600921905,0.533495224658129,0.725677615075172
knn,tree,9,0.5356983937486434,0.5206097959639933,0.5164217078210638,0.5356983937486434,0.6840814450659009
rf,tree,9,0.5577680703277621,0.5317650988690865,0.5292334567565732,0.5577680703277621,0.7383500906682915
dt,tree,9,0.44076676796179726,0.4393165527300922,0.44652128024598275,0.44076676796179726,0.5737923340933506
lr,var,9,0.5621825482960712,0.5164194078607649,0.5016790292523716,0.5621825482960712,0.7452416892756826
nb,var,9,0.5401101584545257,0.5298504034774141,0.5440931323509636,0.5401101584545257,0.730369616203046
knn,var,9,0.5114201215541567,0.496163499847464,0.49548929757482674,0.5114201215541567,0.6594609996098008
rf,var,9,0.5658481658345995,0.5380564917804243,0.5396870195228425,0.5658481658345995,0.7307423462357259
dt,var,9,0.4679672237898849,0.46910505337002084,0.4786346153708362,0.4679672237898849,0.5952891763344347
lr,lrs,9,0.5732173865856305,0.5288587583911564,0.5181838505622778,0.5732173865856305,0.7472813767381308
nb,lrs,9,0.5408617321467333,0.5339100236512553,0.5545262209227987,0.5408617321467333,0.7239932758589026
knn,lrs,9,0.5356929672237899,0.5211642151746319,0.5254651616164973,0.5356929672237899,0.6890165693090958
rf,lrs,9,0.5562920555676145,0.5319396049543899,0.5304487043616005,0.5562920555676145,0.7377136705002508
dt,lrs,9,0.4724224006945952,0.46914241246766686,0.4732405077643601,0.4724224006945952,0.5953477700868808
lr,rfe,9,0.5665970262643804,0.5209847838020896,0.5121431208394693,0.5665970262643804,0.7466448281151624
nb,rfe,9,0.533495224658129,0.527691685213993,0.5414903600921905,0.533495224658129,0.725677615075172
knn,rfe,9,0.5356983937486434,0.5206097959639933,0.5164217078210638,0.5356983937486434,0.6840814450659009
rf,rfe,9,0.5666024527892337,0.5406851119236016,0.5417364437893701,0.5666024527892337,0.7453095685470281
dt,rfe,9,0.443702517907532,0.44055264629094504,0.4457733531771025,0.443702517907532,0.5735565909690822
lr,bor,9,0.5732173865856305,0.5288587583911564,0.5181838505622778,0.5732173865856305,0.7472813767381308
nb,bor,9,0.5408617321467333,0.5339100236512553,0.5545262209227987,0.5408617321467333,0.7239932758589026
knn,bor,9,0.5356929672237899,0.5211642151746319,0.5254651616164973,0.5356929672237899,0.6890165693090958
rf,bor,9,0.557043629259822,0.532257634278831,0.5303364061157992,0.557043629259822,0.7390754299597666
dt,bor,9,0.4871418493596701,0.48581009745462084,0.49183153824199755,0.4871418493596701,0.6075726184164268
lr,lass,9,0.5695354894725417,0.5216752587652438,0.5111449959593835,0.5695354894725417,0.7509956912634213
nb,lass,9,0.5327816366398958,0.5297965607025762,0.5478069492943554,0.5327816366398958,0.7233739263597758
knn,lass,9,0.525409702626438,0.5074911322520663,0.5058053610940287,0.525409702626438,0.6755076715104422
rf,lass,9,0.5614309746038637,0.5375063141485487,0.5397944446427896,0.5614309746038637,0.7322677962030179
dt,lass,9,0.4870984371608422,0.4848473041459802,0.49095126906752773,0.4870984371608422,0.606011677052103
lr,muin,9,0.5651345778163664,0.5181067034023396,0.5241662840837125,0.5651345778163664,0.7475352741207393
nb,muin,9,0.5246852615584979,0.5249855207400242,0.5395579833215746,0.5246852615584979,0.7245033726545421
knn,muin,9,0.5069975037985673,0.4915318405888002,0.4890211678553448,0.5069975037985673,0.6673696639868844
rf,muin,9,0.5688137616670284,0.5429129341657634,0.5377880747781182,0.5688137616670284,0.7354367443771136
dt,muin,9,0.46431245930106363,0.46107194191328515,0.4695142011895129,0.46431245930106363,0.5901992839976625
lr,chi,9,0.5702734968526156,0.5240785513771868,0.5087308457549633,0.5702734968526156,0.748064864748389
nb,chi,9,0.5305703277621012,0.5266786494031735,0.5415308277871917,0.5305703277621012,0.7234132658617977
knn,chi,9,0.5217115259387889,0.5060191945130332,0.5069202434893565,0.5217115259387889,0.6644679017842845
rf,chi,9,0.562898849576731,0.5385802621557815,0.5392406953106195,0.562898849576731,0.7336781411198624
dt,chi,9,0.46210929021054914,0.46237843810189255,0.4745182324610123,0.46210929021054914,0.5916076594085155
lr,rfc,9,0.563655849793792,0.5175062143911784,0.5057852055696166,0.563655849793792,0.7448493876904061
nb,rfc,9,0.5246798350336445,0.5227611536286082,0.5425066731318294,0.5246798350336445,0.722982776314992
knn,rfc,9,0.530551334925114,0.5149531095300668,0.5158541826063621,0.530551334925114,0.6809054447723483
rf,rfc,9,0.5680621879748209,0.5442320296370847,0.5398961326390433,0.5680621879748209,0.7369506656304308
dt,rfc,9,0.46947308443672664,0.46888273506380873,0.4747480192248891,0.46947308443672664,0.5962238516165759
lr,corr,10,0.5643911439114391,0.51916442590139,0.5266342624109985,0.5643911439114391,0.7463108900784909
nb,corr,10,0.513644996744085,0.5149366447090667,0.5361514462808442,0.513644996744085,0.7185612421598966
knn,corr,10,0.5180486216626872,0.5019739624499816,0.5038030203416314,0.5180486216626872,0.6632000517777842
rf,corr,10,0.5577599305404819,0.5306192737863964,0.5298634875204308,0.5577599305404819,0.7333077490013896
dt,corr,10,0.47020837855437375,0.4660309316737125,0.47496652695482,0.47020837855437375,0.5934173096542532
lr,tree,10,0.5717440850879096,0.527323794188554,0.5169343675524041,0.5717440850879096,0.7493415086656288
nb,tree,10,0.5342440850879097,0.5297307006009966,0.5479832025578661,0.5342440850879097,0.7199261645886187
knn,tree,10,0.5261395702192315,0.5102077800212322,0.5100220982645935,0.5261395702192315,0.6679232136460159
rf,tree,10,0.5592576514000435,0.5320233160552846,0.5384807909206608,0.5592576514000435,0.7443233297886327
dt,tree,10,0.4841898198393749,0.4809514722190225,0.4895089712343842,0.4841898198393749,0.6038691638847729
lr,var,10,0.5651237247666594,0.5207010719735921,0.5102171451924813,0.5651237247666594,0.746426230415693
nb,var,10,0.5349603863685697,0.5236161406212245,0.5417311939842794,0.5349603863685697,0.7263184379417965
knn,var,10,0.5253907097894508,0.5099929921942694,0.5146688410747079,0.5253907097894508,0.6617082128660592
rf,var,10,0.5673296071196006,0.5423713520065153,0.5436816210302036,0.5673296071196006,0.7380397601423503
dt,var,10,0.48124593010635985,0.47892891277613725,0.4881520370114343,0.48124593010635985,0.6028514124573895
lr,lrs,10,0.5717440850879096,0.527323794188554,0.5169343675524041,0.5717440850879096,0.7493415086656288
nb,lrs,10,0.5342440850879097,0.5297307006009966,0.5479832025578661,0.5342440850879097,0.7199261645886187
knn,lrs,10,0.5261395702192315,0.5102077800212322,0.5100220982645935,0.5261395702192315,0.6679232136460159
rf,lrs,10,0.568808335142175,0.5414540544096015,0.5391982196822431,0.568808335142175,0.7394833029589277
dt,lrs,10,0.479037334490992,0.47567618210725426,0.4853268479150571,0.479037334490992,0.5994526975161986
lr,rfe,10,0.5680676144996745,0.5238573407057144,0.5141079995676647,0.5680676144996745,0.745955868566858
nb,rfe,10,0.5276210115042327,0.5236749304621574,0.5479829229058268,0.5276210115042327,0.7190828957946258
knn,rfe,10,0.5393667245495983,0.5253162874953862,0.5301147652278241,0.5393667245495983,0.6819502963185398
rf,rfe,10,0.5673323203820273,0.5416490278713668,0.538678453480948,0.5673323203820273,0.7419963562757691
dt,rfe,10,0.4503445843281962,0.44884370415821906,0.45516238191191205,0.4503445843281962,0.5793789122959345
lr,bor,10,0.5680676144996745,0.5238573407057144,0.5141079995676647,0.5680676144996745,0.745955868566858
nb,bor,10,0.5276210115042327,0.5236749304621574,0.5479829229058268,0.5276210115042327,0.7190828957946258
knn,bor,10,0.5393667245495983,0.5253162874953862,0.5301147652278241,0.5393667245495983,0.6819502963185398
rf,bor,10,0.576166702843499,0.5513949499310404,0.5492497920664284,0.576166702843499,0.742487753272546
dt,bor,10,0.4518097460386369,0.45106792660363454,0.4595136768342101,0.4518097460386369,0.5816842071124542
lr,lass,10,0.5717440850879096,0.527323794188554,0.5169343675524041,0.5717440850879096,0.7493415086656288
nb,lass,10,0.5342440850879097,0.5297307006009966,0.5479832025578661,0.5342440850879097,0.7199261645886187
knn,lass,10,0.5261395702192315,0.5102077800212322,0.5100220982645935,0.5261395702192315,0.6679232136460159
rf,lass,10,0.5599685261558498,0.5359307750008231,0.5375124414992106,0.5599685261558498,0.7392317964929059
dt,lass,10,0.48050249620143265,0.4786044943884459,0.48860686159241107,0.48050249620143265,0.6034995889683843
lr,muin,10,0.5717440850879096,0.527323794188554,0.5169343675524041,0.5717440850879096,0.7493415086656288
nb,muin,10,0.5342440850879097,0.5297307006009966,0.5479832025578661,0.5342440850879097,0.7199261645886187
knn,muin,10,0.5261395702192315,0.5102077800212322,0.5100220982645935,0.5261395702192315,0.6679232136460159
rf,muin,10,0.5754341219882787,0.5490070300965999,0.5582149061770513,0.5754341219882787,0.7404298116306848
dt,muin,10,0.4827110918168005,0.4807069034991893,0.4904760166377753,0.4827110918168005,0.6022576214860533
lr,chi,10,0.5643911439114391,0.51916442590139,0.5266342624109985,0.5643911439114391,0.7463108900784909
nb,chi,10,0.513644996744085,0.5149366447090667,0.5361514462808442,0.513644996744085,0.7185612421598966
knn,chi,10,0.5180486216626872,0.5019739624499816,0.5038030203416314,0.5180486216626872,0.6632000517777842
rf,chi,10,0.561428261341437,0.5331501277864844,0.5318469076064237,0.561428261341437,0.7328451874353614
dt,chi,10,0.47903190796613854,0.47621307701219306,0.4830706198595166,0.47903190796613854,0.6002233330379289
lr,rfc,10,0.5680676144996745,0.5238573407057144,0.5141079995676647,0.5680676144996745,0.745955868566858
nb,rfc,10,0.5276210115042327,0.5236749304621574,0.5479829229058268,0.5276210115042327,0.7190828957946258
knn,rfc,10,0.5393667245495983,0.5253162874953862,0.5301147652278241,0.5393667245495983,0.6819502963185398
rf,rfc,10,0.565853592359453,0.5398392744231965,0.534958570245925,0.565853592359453,0.7397743619312951
dt,rfc,10,0.447392554807901,0.4472645386013244,0.4546413327940345,0.447392554807901,0.5794810404352372
